24.5 17 612.288 4 3
25.48 17 642.639 3 2
26.46 17 673.075 2 1
28.42 17 683.572 1 0
33.32 21 798.776 3 2
34.3 14 889.845 1 0
37.24 7 987.398 0 1
37.24 8 1013.16 1 0
38.22 32 811.216 3 2
40.18 38 802.197 3 2
43.12 21 1016.17 2 1
45.08 53 771.576 5 4
46.06 46 882.435 0 1
47.04 32 1009.34 2 1
47.04 53 816.69 4 3
48.02 48 851.07 1 0
48.02 65 723.697 1 0
48.02 27 1087.39 2 1
48.02 55 832.99 2 1
48.02 61 815.368 4 3
49 63 777.5 0 1
50.96 43 992.335 2 3
50.96 67 768.936 3 2
51.94 38 1014.83 2 1
51.94 53 897.877 3 2
52.92 21 1234.68 1 0
52.92 54 892.027 1 0
52.92 55 854.319 1 0
52.92 63 829.581 1 2
53.9 38 1042.94 1 0
53.9 53 924.026 2 1
53.9 67 813.033 2 1
53.9 60 824.901 3 4
54.88 61 916.104 3 2
55.86 61 942.204 2 1
56.84 69 850.415 0 1
56.84 42 1039.36 1 2
57.82 61 972.301 1 0
57.82 81 790.947 4 3
58.8 75 850.174 0 1
58.8 85 821.479 3 2
60.76 32 1225.71 1 0
61.74 81 828.576 3 2
62.72 80 862.517 0 1
62.72 42 1188.38 2 3
62.72 85 883.857 2 1
64.68 53 1097.43 1 0
64.68 85 886.785 1 0
64.68 84 919.36 2 1
65.66 87 874.955 0 1
65.66 84 937.371 1 0
66.64 101 854.189 3 4
67.62 92 868.859 0 1
67.62 69 1069.45 1 2
67.62 89 869.668 2 1
68.6 107 815.881 3 2
69.58 89 890.095 1 0
69.58 105 808.554 1 0
70.56 121 701.616 0 1
72.52 112 827.947 3 2
73.5 67 871.476 1 0
73.5 81 892.781 2 1
75.46 98 953.469 0 1
76.44 130 759.656 5 4
77.42 129 833.044 3 4
77.42 130 774.593 4 3
78.4 81 933.018 1 0
78.4 107 878.635 2 1
81.34 112 885.703 2 1
81.34 143 750.327 4 5
84.28 145 777.592 1 0
84.28 130 953.061 3 2
85.26 134 833.83 2 3
86.24 130 1009.45 2 1
87.22 140 839.811 2 3
88.2 131 975.721 0 1
88.2 130 1016.14 1 0
88.2 112 1023.99 1 0
88.2 140 854.816 3 4
89.18 148 907.105 0 1
89.18 116 983.261 2 3
89.18 123 951.555 2 3
89.18 128 866.732 2 1
90.16 99 928.815 1 2
90.16 128 869.659 1 0
90.16 152 829.287 3 2
90.16 157 823.191 3 4
91.14 107 1136.93 1 0
92.12 163 800.274 2 3
95.06 176 799.033 4 3
96.04 169 884.784 3 4
96.04 181 759.657 3 2
96.04 199 597.982 4 3
97.02 199 628.333 3 2
98 152 960.445 2 1
98 199 658.769 2 1
98.98 154 956.506 0 1
98.98 185 734.863 2 3
98.98 191 722.908 2 1
99.96 152 968.436 1 0
99.96 199 669.266 1 0
99.96 176 834.48 3 2
102.9 191 781.451 1 0
103.88 183 885.957 0 1
104.86 186 909.433 3 4
105.84 196 819.137 1 2
107.8 207 806.945 1 2
107.8 215 741.337 5 4
108.78 121 1059.17 1 2
108.78 181 899.983 2 1
108.78 215 762.431 4 3
109.76 210 809.252 0 1
109.76 214 796.91 3 2
110.74 176 1024.54 2 1
111.72 196 881.695 2 3
112.7 208 873.16 2 1
112.7 223 733.046 4 3
114.66 232 750.856 3 2
116.62 181 968.669 1 0
116.62 167 980.512 1 2
116.62 208 908.607 1 0
116.62 213 867.333 2 1
116.62 223 809.289 3 2
117.6 230 818.831 1 0
117.6 215 895.426 3 2
118.58 222 891.478 0 1
118.58 176 1199.42 1 0
118.58 238 736.311 3 2
118.58 234 773.645 4 3
119.56 236 833.704 1 0
121.52 233 802.82 0 1
121.52 214 879.963 2 1
121.52 242 736.107 2 1
121.52 243 759.642 3 4
122.5 219 873.867 2 3
123.48 245 790.196 0 1
123.48 238 791.1 2 1
123.48 243 785.804 4 5
124.46 242 780.117 1 0
124.46 231 861.675 2 3
126.42 214 933.429 1 0
126.42 223 864.554 2 1
126.42 260 744.231 2 1
127.4 215 1094.61 2 1
128.38 213 999.061 1 0
129.36 223 909.045 1 0
129.36 260 784.914 1 0
129.36 234 941.922 3 2
130.34 266 807.173 3 2
131.32 215 1167.57 1 0
131.32 269 772.635 1 0
131.32 267 831.14 4 3
132.3 251 848.815 0 1
132.3 238 806.039 1 0
132.3 234 994.904 2 1
132.3 255 923.634 3 4
134.26 264 781.546 1 2
134.26 231 1012.32 3 4
134.26 277 770.491 3 2
135.24 289 697.502 0 1
135.24 190 1128.7 1 2
135.24 266 872.469 2 1
138.18 267 987.939 3 2
138.18 271 846.98 3 4
139.16 234 1136.76 1 0
139.16 293 711.037 1 0
139.16 267 1014.38 2 1
139.16 308 595.876 4 3
140.14 267 1043.75 1 0
140.14 308 626.354 3 2
141.12 308 656.832 2 1
142.1 295 823.034 3 2
143.08 266 997.478 1 0
144.06 257 1049.81 0 1
144.06 274 826.395 0 1
144.06 308 717.301 1 0
144.06 277 882.325 2 1
145.04 263 971.045 0 1
145.04 307 759.847 0 1
146.02 277 908.33 1 0
147 233 945.726 1 2
147.98 282 921.662 2 3
147.98 305 818.47 3 2
148.96 300 844.978 2 3
148.96 311 815.195 3 2
149.94 304 799.753 2 1
150.92 315 765.221 1 0
150.92 305 835.795 2 1
151.9 274 907.254 1 2
154.84 295 1011.03 2 1
155.82 312 830.071 0 1
155.82 327 773.76 1 0
155.82 323 821.891 3 2
156.8 329 815.795 3 4
157.78 305 879.226 1 0
158.76 298 907.396 0 1
158.76 304 816.165 1 0
159.74 311 890.041 2 1
161.7 295 1161.88 1 0
161.7 259 1056 1 2
162.68 286 999.655 1 2
163.66 328 818.615 2 1
163.66 351 784.389 2 3
164.64 323 891.519 2 1
165.62 343 767.639 1 2
165.62 350 764.928 1 2
166.6 334 821.289 2 1
167.58 364 782.526 5 4
168.56 311 1027.83 1 0
169.54 358 866.174 4 3
170.52 377 675.11 0 1
170.52 358 884.039 3 2
172.48 289 1091.45 1 2
172.48 299 994.73 1 2
172.48 328 912.283 1 0
172.48 362 828.496 3 2
172.48 393 587.168 4 3
173.46 342 829.844 0 1
173.46 362 844.015 2 1
173.46 393 617.646 3 2
174.44 348 822.468 0 1
174.44 323 1022.63 1 0
174.44 358 984.772 2 1
174.44 393 648.124 2 1
175.42 362 865.421 1 0
175.42 384 741.051 2 1
176.4 384 748.271 1 0
176.4 393 676.179 1 0
177.38 373 784.236 2 3
177.38 364 932.61 4 3
177.38 369 926.514 4 5
178.36 364 945.126 3 2
178.36 373 795.945 3 4
180.32 365 811.315 0 1
180.32 385 844.594 3 2
181.3 364 1000.24 2 1
181.3 395 785.624 2 3
181.3 399 786.83 4 5
182.28 400 730.484 1 2
183.26 358 1196.69 1 0
184.24 372 772.769 1 2
185.22 334 1212 1 0
185.22 391 815.953 2 1
185.22 368 1021.59 3 4
185.22 396 857.034 3 2
185.22 402 803.27 3 2
186.2 396 873.436 2 1
188.16 355 938.091 1 2
188.16 412 721.315 1 0
188.16 423 673.626 1 0
189.14 348 1095.6 1 2
189.14 385 1040.85 2 1
190.12 419 767.805 2 3
191.1 371 919.109 0 1
192.08 389 882.548 0 1
192.08 364 1179.96 1 0
192.08 321 1148.15 1 2
192.08 338 1011.46 1 2
194.04 403 840.888 0 1
195.02 402 889.164 2 1
195.02 407 849.894 2 3
196 410 834.792 0 1
196 396 935.014 1 0
196 402 896.676 1 0
196 391 871.973 1 0
196.98 425 825.283 3 2
197.96 430 795.005 2 3
199.92 385 1265.32 1 0
200.9 447 768.954 1 2
203.84 472 591.762 4 3
204.82 390 843.937 1 2
204.82 394 829.059 1 2
204.82 441 807.893 2 1
204.82 472 622.113 3 2
205.8 472 652.549 2 1
207.76 472 663.046 1 0
207.76 454 827.8 3 2
208.74 425 1049.51 2 1
209.72 410 979.317 1 2
209.72 448 813.178 2 1
210.7 394 925.66 2 3
211.68 377 979.076 1 2
212.66 459 883.78 3 4
212.66 471 834.696 3 4
213.64 444 879.14 0 1
213.64 465 851.582 0 1
213.64 441 904.686 1 0
213.64 454 938.478 2 1
214.62 454 967.17 1 0
214.62 377 1014.2 2 3
216.58 463 806.486 2 1
217.56 425 1272.47 1 0
219.52 448 914.027 1 0
219.52 487 738.826 1 0
220.5 465 907.931 1 2
220.5 480 798.21 2 3
220.5 517 570.565 5 4
221.48 480 811.149 3 4
222.46 517 595.75 4 3
223.44 517 612.733 3 2
224.42 514 681.712 1 0
224.42 499 816.604 3 2
225.4 468 888.295 0 1
229.32 429 907.448 1 2
230.3 518 780.591 0 1
230.3 499 956.217 2 1
230.3 510 779.439 2 1
231.28 463 880.619 1 0
231.28 528 755.108 3 4
232.26 522 811.473 4 3
233.24 462 844.526 1 2
233.24 510 782.366 1 0
233.24 522 826.411 3 2
234.22 462 856.235 2 3
237.16 499 1037.45 1 0
239.12 533 821.559 3 2
240.1 530 807.583 0 1
240.1 536 803.526 0 1
240.1 517 808.229 2 1
241.08 517 819.939 1 0
241.08 522 972.02 2 1
242.06 539 840.436 3 4
243.04 554 742.065 1 0
244.02 515 1007.22 2 3
244.02 555 758.423 2 3
245.98 491 927.23 1 2
246.96 562 781.969 3 4
247.94 541 861.442 0 1
247.94 556 881.563 3 4
249.9 522 1182.69 1 0
250.88 509 827.35 1 2
250.88 571 735.802 1 0
250.88 568 847.292 3 2
251.86 547 879.45 0 1
252.84 491 1050.18 2 3
252.84 538 937.973 2 3
253.82 533 1167.08 2 1
256.76 588 736.405 1 2
256.76 561 870.94 2 3
256.76 587 792.245 4 3
257.74 561 891.431 3 4
258.72 590 756.215 3 4
259.7 568 967.568 2 1
259.7 583 814.356 2 1
259.7 584 833.709 3 2
260.68 565 908.593 0 1
260.68 530 1043.35 1 2
262.64 533 1361.3 1 0
262.64 565 916.591 1 2
263.62 611 711.257 1 0
263.62 595 791.716 2 1
263.62 604 781.671 4 3
264.6 595 804.771 1 0
264.6 600 751.271 1 0
264.6 587 869.779 3 2
264.6 607 753.748 3 2
266.56 604 800.378 3 2
267.54 586 918.766 0 1
267.54 568 1156.06 1 0
267.54 610 789.081 4 3
268.52 583 884.378 1 0
268.52 625 723.697 3 4
269.5 584 1004.74 2 1
269.5 604 833.711 2 1
270.48 591 927.166 0 1
270.48 584 1030.7 1 0
270.48 606 801.361 2 1
270.48 610 842.676 3 2
271.46 589 928.52 2 3
271.46 588 901.933 2 3
272.44 636 710.324 4 5
273.42 597 926.228 0 1
275.38 613 903.103 3 4
276.36 566 883.895 1 2
276.36 587 1008.46 2 1
276.36 601 995.366 2 3
276.36 607 824.593 2 1
276.36 643 742.146 5 4
277.34 612 818.497 2 3
277.34 643 769.29 4 3
278.32 636 786.556 5 4
279.3 621 832.962 0 1
279.3 587 1039.67 1 0
279.3 604 876.094 1 0
279.3 606 874.389 1 0
279.3 607 851.132 1 0
280.28 648 777.317 4 3
282.24 566 962.932 2 3
282.24 643 843.205 3 2
283.22 610 1012.32 2 1
284.2 645 753.966 1 2
284.2 657 749.339 1 0
285.18 560 958.962 1 2
285.18 661 745.978 5 4
286.16 638 853.376 0 1
286.16 656 818.2 0 1
286.16 646 803.594 2 1
287.14 663 755.194 1 0
287.14 661 790.51 4 3
288.12 647 957.156 3 4
288.12 666 720.557 4 5
290.08 646 815.913 1 0
290.08 560 1032.14 2 3
290.08 648 912.592 3 2
291.06 610 1171.25 1 0
291.06 665 829.355 3 2
292.04 653 864.166 0 1
292.04 643 993.606 2 1
293.02 548 1029.46 1 2
293.02 669 819.231 3 4
295.96 648 1034.49 2 1
296.94 688 785.191 0 1
296.94 629 976.438 2 3
296.94 680 778.486 2 1
296.94 652 1028.39 3 4
297.92 671 836.192 0 1
297.92 680 790.195 1 0
297.92 665 864.235 2 1
297.92 661 890.126 3 2
298.9 691 745.688 1 0
299.88 576 1076.05 1 2
300.86 665 899.362 1 0
301.84 643 1159.69 1 0
301.84 693 814.738 3 2
302.82 699 812.677 3 2
303.8 687 860.359 3 2
304.78 709 801.758 3 4
304.78 711 752.677 5 4
305.76 645 985.489 2 3
305.76 716 718.294 4 3
306.74 648 1204.45 1 0
306.74 661 1007.67 2 1
307.72 674 869.473 2 3
307.72 722 735.037 3 2
307.72 709 848.232 4 5
308.7 582 1192.26 1 2
308.7 703 792.157 2 3
308.7 722 748.052 2 1
309.68 639 935.332 1 2
309.68 711 883.049 4 3
310.66 724 770.411 1 0
310.66 708 797.77 2 3
310.66 703 818.502 3 4
311.64 722 757.074 1 0
311.64 715 839.618 3 2
311.64 746 562.958 5 4
312.62 668 1042.08 2 3
312.62 699 888.018 2 1
312.62 674 986.565 3 4
313.6 731 761.585 2 1
314.58 623 1088.76 1 2
314.58 687 1018.26 2 1
314.58 711 978.924 3 2
314.58 726 784.1 3 2
314.58 751 602.718 4 3
315.56 751 633.196 3 2
316.54 661 1176.69 1 0
316.54 699 914.373 1 0
316.54 751 663.674 2 1
316.54 716 837.047 3 2
317.52 706 1034.83 0 1
317.52 639 1043.13 2 3
317.52 692 904.858 2 3
317.52 732 802.903 3 4
317.52 738 781.68 3 2
318.5 697 880.826 1 2
318.5 730 815.219 1 0
318.5 751 682.399 1 0
318.5 693 1020.09 2 1
318.5 715 946.001 2 1
319.48 688 955.099 1 2
319.48 737 770.458 2 1
319.48 746 740.465 4 3
320.46 717 1022.64 0 1
320.46 715 949.078 1 0
320.46 698 945.598 2 3
321.44 731 827.963 1 0
322.42 711 1075.22 2 1
322.42 726 850.165 2 1
323.4 688 996.081 2 3
324.38 726 853.455 1 0
324.38 761 759.375 5 4
325.36 729 831.442 0 1
325.36 673 981.686 1 2
325.36 761 780.469 4 3
327.32 737 841.082 1 0
327.32 765 781.82 2 3
328.3 753 783.084 0 1
329.28 738 878.769 2 1
330.26 687 1373.51 1 0
330.26 738 887.55 1 0
330.26 755 860.481 2 3
330.26 761 922.269 3 2
330.26 768 765.753 4 5
331.24 693 1313.26 1 0
331.24 673 1060.72 2 3
331.24 746 980.716 3 2
332.22 716 1004.9 2 1
332.22 746 991.844 2 1
332.22 781 744.83 5 4
334.18 750 845.04 0 1
334.18 746 1008.69 1 0
334.18 777 857.679 2 1
335.16 767 795.043 0 1
335.16 777 876.092 1 0
335.16 770 777.397 1 0
335.16 772 910.537 3 4
335.16 786 767.365 4 3
337.12 786 812.48 3 2
337.12 781 787.281 4 3
338.1 762 840.291 0 1
338.1 791 743.338 0 1
338.1 788 842.762 2 1
339.08 716 1117.86 1 0
339.08 788 860.57 1 0
339.08 761 992.157 2 1
340.06 711 1402.79 1 0
340.06 755 1041.25 3 4
341.04 774 826.27 0 1
342.02 667 1348.29 1 2
342.02 679 1311.71 1 2
342.02 776 789.145 1 2
342.02 786 888.284 2 1
342.02 775 966.068 4 5
343 781 933.393 3 2
343.98 786 934.475 1 0
343.98 758 863.468 1 2
343.98 783 961.677 2 3
344.96 785 809.778 0 1
344.96 831 565.733 5 4
345.94 800 856.723 2 1
345.94 831 596.211 4 3
346.92 813 794.295 3 2
346.92 831 626.689 3 2
347.9 800 878.029 1 0
347.9 831 657.167 2 1
348.88 761 1165.6 1 0
348.88 821 752.823 1 0
348.88 831 687.645 1 0
348.88 818 795.931 3 2
349.86 797 816.431 0 1
352.8 781 1097.61 2 1
352.8 830 793.489 4 3
352.8 848 597.12 4 3
353.78 803 832.335 0 1
353.78 818 830.26 2 1
353.78 848 627.598 3 2
354.76 736 1260.13 1 2
354.76 747 1172.68 1 2
355.74 785 973.74 1 2
355.74 813 899.521 2 1
356.72 813 915.612 1 0
356.72 830 895.427 3 2
357.7 839 733.798 1 2
357.7 843 745.263 1 2
357.7 830 925.905 2 1
357.7 834 805.876 2 3
358.68 830 949.364 1 0
358.68 787 826.85 1 2
358.68 785 1065.17 2 3
359.66 848 733.525 2 1
361.62 845 815.049 3 2
362.6 781 1269.83 1 0
362.6 747 1367.04 2 1
362.6 828 1089.69 3 4
363.58 815 886.596 0 1
363.58 818 903.104 1 0
363.58 848 736.484 1 0
363.58 787 900.032 2 3
363.58 839 777.553 2 3
364.56 860 780.092 4 3
365.54 829 855.135 0 1
366.52 767 1221.59 1 2
366.52 793 876.275 1 2
367.5 785 1235.84 3 2
368.48 878 683.578 1 0
368.48 852 788.028 2 1
368.48 869 752.714 3 4
369.46 847 830.751 0 1
369.46 879 714.056 2 1
369.46 860 810.099 3 2
371.42 811 822.715 1 2
372.4 845 934.58 2 1
373.38 879 732.591 1 0
373.38 877 811.152 4 5
374.36 843 943.12 2 3
375.34 896 686.999 1 0
375.34 817 1362.11 2 3
377.3 864 825.855 0 1
377.3 852 805.27 1 0
378.28 860 930.852 2 1
379.26 900 714.874 0 1
379.26 845 1096.79 1 0
380.24 892 834.331 3 2
381.22 862 912.564 2 3
381.22 895 816.449 4 3
382.2 882 794.194 0 1
382.2 860 990.364 1 0
382.2 904 820.868 4 5
383.18 891 824.194 2 1
384.16 902 796.563 2 1
384.16 895 842.302 3 2
384.16 906 765.186 4 3
384.16 927 601.714 4 3
385.14 927 632.065 3 2
386.12 891 858.598 1 0
386.12 906 769.949 3 2
387.1 902 829.281 1 0
389.06 874 1014.54 2 3
389.06 892 929.353 2 1
389.06 897 910.243 2 3
389.06 939 605.206 4 3
390.04 888 808.348 0 1
390.04 939 631.7 3 2
391.02 892 963.632 1 0
391.02 918 719.325 1 2
392 895 938.933 2 1
392.98 939 646.742 2 1
394.94 882 907.207 1 2
394.94 939 671.407 1 0
395.92 894 817.62 0 1
395.92 940 700.795 1 2
397.88 906 907.109 2 1
398.86 895 1086.01 1 0
398.86 906 917.254 1 0
398.86 947 691.766 2 1
400.82 947 694.705 1 0
401.8 927 901.781 2 1
402.78 905 819.905 0 1
402.78 956 780.427 4 3
403.76 908 754.935 1 2
403.76 964 710.641 1 2
404.74 927 923.009 1 0
404.74 970 688.618 1 0
405.72 931 940.869 2 1
405.72 972 722.142 3 4
406.7 917 816.7 0 1
407.68 953 898.964 2 3
408.66 980 673.626 1 0
408.66 956 943.321 3 2
408.66 977 743.601 3 4
410.62 929 814.65 0 1
410.62 956 1004.28 2 1
411.6 956 1034.76 1 0
412.58 938 818.015 0 1
412.58 985 686.025 0 1
414.54 931 1170.53 1 0
415.52 987 708.853 1 2
416.5 944 821.041 0 1
416.5 964 908.57 2 3
416.5 988 734.422 2 3
416.5 1013 551.427 5 4
417.48 1013 581.905 4 3
418.46 1013 612.383 3 2
419.44 950 803.556 0 1
420.42 1018 609.8 4 3
421.4 971 827.356 2 1
421.4 1018 623.166 3 2
422.38 1014 670.756 0 1
422.38 971 839.065 1 0
424.34 992 717.635 1 0
424.34 1021 626.687 2 3
425.32 967 785.76 0 1
429.24 976 817.601 2 1
429.24 987 778.856 2 3
430.22 1009 716.315 1 0
431.2 1017 814.972 3 2
432.18 1017 824.195 2 1
433.16 1037 659.755 1 0
434.14 981 820.321 2 1
435.12 1029 790.588 3 4
436.1 976 979.705 1 0
438.06 1045 751.192 3 4
439.04 998 813.773 2 1
441 1041 859.88 4 5
441 1047 832.852 4 5
441.98 1017 983.272 1 0
442.96 1004 807.721 2 1
442.96 1033 786.121 3 2
445.9 1061 672.719 1 2
446.88 1008 896.745 0 1
447.86 1059 801.288 4 3
448.84 981 1005.66 1 0
448.84 1072 692.918 2 3
448.84 1080 747.644 4 5
450.8 1040 872.361 0 1
450.8 1058 830.413 0 1
450.8 1033 891.503 2 1
450.8 1013 807.255 2 1
450.8 1059 837.739 3 2
450.8 1063 779.3 3 2
451.78 1072 725.295 3 4
452.76 1074 804.398 4 3
454.72 1058 857.243 1 2
455.7 1046 886.514 0 1
455.7 930 1055.06 1 2
455.7 1059 952.467 2 1
455.7 1078 700.519 2 3
455.7 1110 564.824 5 4
456.68 998 1085.4 1 0
456.68 1100 655.464 1 0
456.68 1018 795.338 2 1
456.68 1096 743.642 3 4
458.64 1033 1015.46 1 0
458.64 1013 877.734 1 0
458.64 1086 804.559 3 4
460.6 1063 883.106 2 1
460.6 1028 798.024 2 1
461.58 1004 1043.92 1 0
461.58 1038 774.488 2 1
461.58 1112 671.992 2 3
461.58 1103 811.568 4 5
461.58 1121 621.378 4 3
462.56 1028 816.179 1 0
462.56 1074 948.217 3 2
463.54 1074 961.5 2 1
463.54 1068 942.121 3 4
463.54 1073 936.025 3 4
463.54 1110 742.331 4 3
464.52 1040 1068.87 1 2
465.5 1059 1035.17 1 0
466.48 1018 859.205 1 0
467.46 958 915.307 1 2
468.44 1088 884.334 0 1
468.44 1067 752.607 2 1
468.44 1115 838.173 4 5
469.42 1073 979.935 4 5
469.42 1096 941.397 4 5
470.4 1088 912.143 1 2
470.4 1067 772.915 1 0
470.4 1032 889.077 2 3
471.38 1110 818.69 3 2
471.38 1130 727.012 3 4
472.36 1063 1014.24 1 0
472.36 1038 849.699 1 0
472.36 1141 674.823 2 3
474.32 1121 800.402 3 2
475.3 1050 920.795 2 3
475.3 1110 848.293 2 1
476.28 1105 828.24 0 1
476.28 1074 1131.77 1 0
476.28 1136 750.336 3 2
481.18 1126 818.734 0 1
481.18 1121 915.38 2 1
481.18 1148 742.228 3 2
484.12 1157 613.131 1 2
485.1 1132 815.324 0 1
485.1 1105 910.205 1 2
486.08 1110 1011.55 1 0
487.06 1121 1005.45 1 0
487.06 1090 874.555 2 3
487.06 1158 687.996 2 1
489.02 1143 811.914 0 1
489.02 1169 675.804 2 3
489.02 1153 778.305 3 2
490 1158 714.341 1 0
490.98 1165 766.113 3 2
491.96 1148 829.439 2 1
491.96 1159 793.607 3 4
492.94 1191 588.506 1 2
492.94 1136 915.055 2 1
493.92 1153 848.667 2 1
494.9 1153 870.843 1 0
494.9 1204 602.038 2 3
495.88 1027 898.256 1 2
495.88 1182 757.06 3 2
496.86 1155 827.348 0 1
497.84 1161 821.252 0 1
497.84 1117 836.274 2 3
499.8 1148 897.773 1 0
499.8 1199 732.676 3 4
500.78 1163 673.881 1 0
500.78 1165 827.251 2 1
501.76 1209 725.605 3 4
501.76 1212 751.376 4 5
504.7 1136 1180.22 1 0
505.68 1231 596.678 1 2
505.68 1169 884.294 3 4
506.66 1221 737.58 3 2
507.64 1184 846.025 0 1
507.64 1182 844.09 2 1
507.64 1192 706.28 2 3
508.62 1165 953.89 1 0
508.62 1182 855.8 1 0
509.6 1049 919.743 1 2
510.58 1173 1020.05 0 1
510.58 1190 821.165 0 1
510.58 1196 804.926 0 1
510.58 1231 651.736 2 3
512.54 1233 757.266 3 2
513.52 1241 742.104 4 3
514.5 1181 801.418 2 3
515.48 1214 790.685 0 1
515.48 1192 867.281 3 4
515.48 1241 750.972 3 2
516.46 1237 620.215 1 2
516.46 1221 787.239 2 1
516.46 1181 827.764 3 4
518.42 1261 633.735 2 3
518.42 1262 658.387 3 4
519.4 1215 648.772 1 0
520.38 1250 815.205 4 3
521.36 1233 817.402 2 1
521.36 1181 921.112 4 5
521.36 1253 780.427 4 3
522.34 1250 848.008 3 2
522.34 1253 793.901 3 2
522.34 1273 645.014 4 5
523.32 1186 762.277 2 1
523.32 1271 627.061 2 3
523.32 1261 764.093 3 4
523.32 1274 686.975 5 4
524.3 1240 836.144 0 1
525.28 1221 889.173 1 0
525.28 1186 770.008 1 0
525.28 1260 612.196 1 2
525.28 1253 830.25 2 1
525.28 1249 765.411 3 2
525.28 1286 575.685 5 4
526.26 1223 1028.83 0 1
526.26 1276 590.981 1 2
526.26 1250 948.741 2 1
526.26 1274 720.896 4 3
526.26 1286 606.163 4 3
527.24 1234 871.513 0 1
527.24 1250 979.219 1 0
528.22 1241 864.637 2 1
528.22 1271 721.263 3 4
528.22 1273 721.246 5 4
529.2 1233 917.341 1 0
529.2 1094 833.809 1 2
531.16 1216 742.544 2 1
532.14 1252 891.521 0 1
532.14 1241 925.143 1 0
532.14 1198 784.221 2 1
532.14 1279 800.121 4 3
533.12 1253 877.743 1 0
533.12 1279 816.523 3 2
536.06 1134 795.353 1 2
537.04 1116 865.792 1 2
537.04 1216 776.819 1 0
537.04 1249 953.588 2 1
537.04 1274 790.792 3 2
538.02 1304 587.571 1 2
538.02 1278 787.623 3 2
538.02 1284 748.602 3 2
539 1134 844.385 2 3
539 1278 800.796 2 1
539.98 1302 804.577 0 1
540.96 1264 896.66 0 1
540.96 1220 774.715 2 1
541.94 1198 852.876 1 0
542.92 1279 1066.72 2 1
542.92 1304 617.608 2 3
542.92 1286 761.924 3 2
542.92 1314 762.572 4 5
543.9 1279 1087.81 1 0
544.88 1249 1163.69 1 0
544.88 1274 923.984 2 1
544.88 1304 649.088 3 4
546.84 1284 825.701 2 1
547.82 1265 647.565 1 0
548.8 1286 835.705 2 1
549.78 1278 921.185 1 0
549.78 1323 616.181 2 3
549.78 1335 605.445 2 3
550.76 1240 1135.59 1 2
550.76 1312 638.731 2 3
550.76 1346 614.536 3 4
551.74 1220 908.993 1 0
551.74 1295 662.814 2 3
551.74 1341 714.989 3 4
552.72 1274 1043.63 1 0
552.72 1288 671.837 2 1
554.68 1356 574.264 1 2
555.66 1319 853.256 0 1
556.64 1284 952.402 1 0
556.64 1288 697.697 1 0
557.62 1287 652.937 1 0
558.6 1336 793.927 3 2
558.6 1364 653.1 4 5
559.58 1325 855.21 0 1
559.58 1358 667.461 3 4
561.54 1286 940.901 1 0
561.54 1174 821.52 1 2
561.54 1361 562.221 1 2
562.52 1146 857.372 1 2
562.52 1368 595.758 2 3
563.5 1336 900.138 2 1
563.5 1383 558.604 5 4
564.48 1357 660.149 2 1
565.46 1357 674.612 1 0
565.46 1312 910.907 3 4
566.44 1325 975.595 1 2
566.44 1388 595.457 4 3
567.42 1343 860.647 0 1
568.4 1358 906.465 4 5
568.4 1394 582.821 4 3
569.38 1369 754.797 3 2
570.36 1349 867.541 0 1
570.36 1336 963.033 1 0
570.36 1352 700.36 2 1
571.34 1352 708.765 1 0
574.28 1383 757.205 4 3
575.26 1386 724.076 3 2
576.24 1413 553.282 1 2
576.24 1361 684.381 2 1
576.24 1383 780.924 3 2
576.24 1409 611.758 3 2
576.24 1398 755.021 5 4
577.22 1388 684.599 3 2
578.2 1361 704.495 1 0
579.18 1340 889.361 2 3
579.18 1380 676.111 2 1
579.18 1405 733.793 4 5
580.16 1270 786.906 1 2
580.16 1380 684.893 1 0
581.14 1387 837.376 0 1
581.14 1390 792.527 0 1
581.14 1383 850.373 2 1
581.14 1270 795.688 2 3
581.14 1356 784.633 2 3
582.12 1219 893.495 1 2
582.12 1383 872.907 1 0
582.12 1386 838.138 2 1
583.1 1372 940.19 0 1
583.1 1387 854.105 1 2
583.1 1369 1055.67 2 1
583.1 1394 704.841 3 2
584.08 1392 671.237 2 1
585.06 1403 678.797 3 2
585.06 1432 631.641 3 4
585.06 1398 981.798 4 3
586.04 1311 776.691 1 2
586.04 1398 1002.89 3 2
587.02 1247 849.778 1 2
587.02 1415 681.653 3 2
588 1399 855.497 0 1
588 1386 882.305 1 0
588 1392 721.001 1 0
588 1431 606.128 2 3
588.98 1434 693.093 0 1
588.98 1396 669.532 2 1
589.96 1203 1093.54 1 2
589.96 1207 1066.92 1 2
589.96 1385 784.18 2 3
590.94 1398 1144.69 2 1
590.94 1207 1087.44 2 3
591.92 1369 1252.92 1 0
591.92 1438 690.05 3 4
592.9 1396 697.618 1 0
593.88 1339 776.193 1 2
593.88 1409 655.635 2 1
593.88 1454 607.665 2 3
594.86 1411 871.09 0 1
594.86 1399 987.248 1 2
595.84 1388 919.748 2 1
595.84 1394 863.646 2 1
595.84 1450 690.536 3 2
595.84 1446 745.936 4 3
596.82 1388 935.848 1 0
596.82 1409 687.469 1 0
597.8 1414 667.835 2 1
598.78 1398 1360.97 1 0
598.78 1394 882.192 1 0
598.78 1459 601.012 2 3
599.76 1473 586.44 4 3
600.74 1390 934.144 1 2
600.74 1403 886.823 2 1
600.74 1446 788.76 3 2
600.74 1472 624.252 3 4
601.72 1443 758.106 3 4
602.7 1416 875.051 0 1
602.7 1403 908.046 1 0
602.7 1390 972.199 2 3
603.68 1391 666.153 1 0
605.64 1390 1051.24 3 2
605.64 1460 760.309 3 4
608.58 1470 542.996 1 2
608.58 1415 874.64 2 1
608.58 1485 714.678 4 5
609.56 1414 783.156 1 0
609.56 1449 709.015 2 1
609.56 1431 860.114 3 2
610.54 1423 673.728 1 0
610.54 1455 854.018 3 4
610.54 1473 766.433 3 2
611.52 1448 596.653 1 2
611.52 1504 520.142 1 2
612.5 1448 611.289 2 3
613.48 1430 688.606 1 0
614.46 1490 822.906 4 5
615.44 1450 854.415 2 1
615.44 1424 803.685 2 3
616.42 1450 864.661 1 0
617.4 1415 1026.65 1 0
617.4 1449 754.613 1 0
618.38 1446 858.565 2 1
619.36 1446 868.078 1 0
619.36 1453 705.032 1 0
620.34 1463 848.778 0 1
620.34 1299 1061.5 1 2
620.34 1431 986.502 2 1
621.32 1316 1055.41 1 2
621.32 1489 806.457 3 2
623.28 1469 851.464 0 1
623.28 1420 883.696 2 3
624.26 1521 561.797 1 2
625.24 1523 761.639 3 4
627.2 1431 1128.9 1 0
627.2 1504 722.049 2 3
627.2 1511 706.383 2 3
628.18 1498 685.641 1 0
628.18 1539 625.956 2 3
628.18 1420 1004.45 3 4
629.16 1489 904.926 2 1
629.16 1500 892.189 3 4
630.14 1473 833.332 2 1
630.14 1477 1068.04 3 2
631.12 1540 734.087 3 4
632.1 1522 731.685 2 3
632.1 1535 849.03 4 5
633.08 1373 861.212 1 2
633.08 1534 774.145 3 4
635.04 1488 790.296 2 1
635.04 1550 674.76 2 3
636.02 1507 782.964 0 1
636.02 1540 782.007 4 5
637.98 1501 818.487 0 1
637.98 1473 919.758 1 0
637.98 1516 750.609 2 3
638.96 1475 732.462 1 2
639.94 1488 810.021 1 0
640.92 1489 1110.8 1 0
640.92 1576 600.852 4 3
643.86 1513 798.832 0 1
643.86 1499 798.102 2 1
644.84 1568 684.66 2 3
645.82 1574 766.339 3 2
647.78 1528 806.365 2 3
647.78 1475 788.578 2 3
648.76 1567 647.36 1 0
649.74 1537 758.804 0 1
649.74 1436 803.474 1 2
652.68 1531 836.432 0 1
652.68 1499 880.067 1 0
652.68 1533 763.361 2 1
652.68 1576 790.496 3 2
655.62 1543 784.749 0 1
655.62 1583 643.95 1 0
655.62 1590 684.469 2 3
657.58 1574 861.714 2 1
657.58 1599 792.867 4 3
658.56 1574 876.35 1 0
659.54 1560 766.124 0 1
660.52 1597 906.812 3 4
661.5 1521 850.919 2 3
662.48 1533 823.79 1 0
662.48 1572 670.778 1 0
662.48 1620 730.228 3 4
663.46 1595 649.563 1 2
663.46 1545 858.357 2 3
663.46 1599 934.694 3 2
663.46 1603 795.328 3 2
664.44 1624 615.914 1 2
664.44 1599 965.172 2 1
664.44 1576 881.706 2 1
664.44 1608 783.136 3 4
664.44 1617 809.844 4 5
664.44 1621 742.103 5 4
666.4 1589 667.368 1 0
666.4 1545 916.52 3 4
666.4 1632 721.52 4 5
668.36 1592 749.438 0 1
668.36 1464 904.47 1 2
669.34 1576 944.443 1 0
671.3 1656 552.384 5 4
672.28 1575 918.128 0 1
672.28 1647 675.225 2 3
673.26 1581 912.032 0 1
673.26 1625 728.581 2 1
673.26 1621 892.384 4 3
673.26 1637 804.313 4 5
673.26 1644 758.035 5 4
674.24 1602 811.698 2 1
674.24 1626 950.956 3 4
675.22 1621 931.196 3 2
675.22 1642 846.542 3 2
676.2 1573 957.882 2 3
676.2 1603 897.079 2 1
677.18 1599 1233.02 1 0
677.18 1644 818.134 4 3
678.16 1648 868.001 3 4
679.14 1621 949.153 2 1
679.14 1613 839.025 2 3
681.1 1602 839.986 1 0
681.1 1655 853.555 4 5
681.1 1656 750.985 4 3
681.1 1667 730.011 4 5
682.08 1610 792.547 0 1
682.08 1660 713.41 3 2
683.06 1625 773.782 1 0
684.04 1621 1037.46 1 0
684.04 1603 1007.85 1 0
685.02 1604 1093.97 0 1
685.02 1668 615.431 1 2
685.02 1673 778.122 4 5
686.98 1652 815.38 2 3
686.98 1664 697.376 2 1
686.98 1669 685.426 2 1
686.98 1687 630.076 2 3
686.98 1644 992.48 3 2
686.98 1670 727.563 3 2
686.98 1676 721.467 3 4
687.96 1642 948.805 2 1
688.94 1646 663.234 1 0
689.92 1639 756.787 0 1
689.92 1642 969.296 1 0
689.92 1670 769.991 2 1
690.9 1670 789 1 0
690.9 1691 605.684 1 2
690.9 1656 892.781 3 2
690.9 1706 559.082 5 4
691.88 1665 887.409 3 4
692.86 1619 971.74 2 3
692.86 1706 607.233 4 3
693.84 1612 731.11 1 2
694.82 1657 747.281 0 1
695.8 1644 1186.08 2 1
695.8 1691 680.306 2 3
696.78 1622 1003.49 0 1
696.78 1628 924.858 0 1
696.78 1664 712.822 1 0
697.76 1700 808.079 3 2
698.74 1669 712.581 1 0
699.72 1692 731.297 2 1
700.7 1715 616.91 1 2
700.7 1656 978.093 2 1
700.7 1660 909.55 2 1
700.7 1706 742.235 3 2
701.68 1681 819.599 2 3
702.66 1629 790.637 1 2
702.66 1725 605.455 1 2
702.66 1722 719.894 3 4
703.64 1629 806.737 2 3
703.64 1704 716.178 2 3
703.64 1715 660.82 2 3
704.62 1644 1403.47 1 0
704.62 1709 710.082 2 1
704.62 1727 680.812 3 2
705.6 1561 883.817 1 2
705.6 1618 844.314 1 2
706.58 1683 776.186 0 1
707.56 1654 1036.59 0 1
707.56 1656 1116.41 1 0
708.54 1689 736.819 0 1
708.54 1660 989.683 1 0
708.54 1717 860.409 3 4
709.52 1692 844.314 1 0
709.52 1709 749.67 1 0
709.52 1668 883.758 2 3
709.52 1733 749.811 3 2
710.5 1628 1019.08 1 2
710.5 1721 718.381 2 1
711.48 1700 976.611 2 1
711.48 1706 816.92 2 1
712.46 1706 823.738 1 0
712.46 1746 735.444 4 3
715.4 1601 929.689 1 2
715.4 1727 745.217 2 1
716.38 1730 669.131 0 1
716.38 1716 840.954 2 3
716.38 1750 748.979 3 4
717.36 1719 706.571 0 1
719.32 1700 1082.52 1 0
719.32 1708 660.161 1 0
719.32 1743 629.922 1 2
719.32 1725 744.368 2 1
719.32 1744 714.737 2 3
720.3 1725 754.431 1 0
720.3 1733 852.958 2 1
720.3 1761 779.055 3 2
721.28 1689 883.848 1 2
721.28 1721 819.755 1 0
725.2 1771 605.297 1 2
726.18 1726 929.478 2 3
726.18 1784 657.821 2 3
727.16 1773 816.783 3 2
727.16 1776 792.245 4 3
728.14 1733 960.199 1 0
728.14 1727 908.522 1 0
728.14 1761 936.203 2 1
729.12 1776 837.36 3 2
729.12 1779 760.88 3 4
730.1 1736 847.242 0 1
730.1 1761 939.32 1 0
730.1 1773 866.311 2 1
730.1 1776 864.308 2 1
731.08 1674 917.329 1 2
732.06 1794 614.079 1 2
733.04 1674 959.698 2 3
733.04 1787 790.011 4 5
734.02 1759 691.052 1 0
734.02 1785 822.39 3 4
735 1765 684.956 1 0
736.96 1720 805.478 1 2
737.94 1777 716.915 1 0
737.94 1771 764.138 2 1
737.94 1808 781.854 4 5
738.92 1742 912.008 0 1
738.92 1772 796.821 2 1
738.92 1789 758.042 2 3
739.9 1814 728.395 3 4
740.88 1763 871.866 0 1
740.88 1773 1065.37 1 0
741.86 1786 816.257 0 1
741.86 1776 1055.79 1 0
741.86 1686 881.148 1 2
741.86 1731 833.345 1 2
741.86 1771 779.354 1 0
741.86 1818 730.007 2 3
742.84 1754 907.221 0 1
742.84 1775 840.735 0 1
742.84 1798 721.044 0 1
742.84 1730 854.319 1 2
742.84 1772 825.131 1 0
742.84 1811 784.679 5 4
743.82 1804 714.948 0 1
743.82 1719 942.862 1 2
743.82 1827 630.092 1 2
743.82 1686 895.784 2 3
743.82 1838 568.556 5 4
744.8 1807 831.14 3 2
744.8 1811 802.078 4 3
745.78 1768 870.479 0 1
745.78 1754 945.216 1 2
748.72 1817 690.953 1 0
749.7 1816 729.153 0 1
752.64 1809 754.117 0 1
752.64 1838 746.063 4 3
753.62 1807 938.728 2 1
753.62 1836 800.902 3 2
754.6 1821 741.925 0 1
754.6 1840 757.574 2 3
756.56 1811 928.421 3 2
757.54 1824 916.229 3 4
757.54 1829 893.812 3 4
758.52 1856 667.423 1 2
759.5 1862 661.327 1 0
760.48 1842 726.54 0 1
760.48 1864 730.547 3 2
761.46 1807 1119.7 1 0
764.4 1836 916.855 2 1
766.36 1863 768.559 2 1
766.36 1838 935.075 3 2
767.34 1788 1002.17 1 2
767.34 1811 1150.93 2 1
767.34 1846 922.883 3 4
768.32 1863 791.977 1 0
768.32 1857 838.573 2 3
769.3 1748 1038.02 1 2
769.3 1880 726.37 2 3
770.28 1877 702.899 0 1
770.28 1836 1001.87 1 0
770.28 1881 862.955 3 4
771.26 1892 720.189 2 3
771.26 1854 971.183 3 4
772.24 1874 719.509 1 0
772.24 1853 871.256 2 3
772.24 1864 780.393 2 1
774.2 1860 773.433 0 1
774.2 1864 799.786 1 0
774.2 1886 796.91 3 2
774.2 1881 970.906 4 5
775.18 1884 701.221 1 2
776.16 1811 1368.33 1 0
776.16 1838 1152.38 2 1
776.16 1869 774.8 2 1
776.16 1880 798.574 3 4
778.12 1838 1197.34 1 0
779.1 1913 679.37 1 0
780.08 1869 798.226 1 0
781.06 1871 768.32 0 1
782.04 1805 1070.97 1 2
782.04 1886 940.95 2 1
782.04 1907 846.693 4 5
783.02 1886 971.428 1 0
783.02 1915 772.685 3 2
784.98 1865 946.847 0 1
784.98 1898 888.316 3 4
784.98 1921 774.862 3 2
785.96 1821 1106.34 1 2
786.94 1839 904.715 1 2
786.94 1946 589.034 4 3
787.92 1809 1194.64 1 2
788.9 1897 856.393 2 3
790.86 1914 770.902 2 3
790.86 1927 833.878 3 2
791.84 1860 1011.13 1 2
791.84 1927 844.934 2 1
792.82 1915 838.347 2 1
792.82 1943 795.227 3 4
793.8 1912 755.101 0 1
794.78 1936 693.863 1 0
794.78 1921 832.251 2 1
795.76 1921 842.496 1 0
795.76 1884 826.155 2 3
796.74 1927 944.121 1 0
796.74 1915 912.333 1 0
796.74 1910 820.059 2 3
796.74 1949 792.717 3 4
797.72 1952 849.652 4 5
797.72 1958 753.203 5 4
798.7 1924 745.594 0 1
799.68 1946 812.287 3 2
799.68 1950 927.833 5 4
800.66 1960 753.364 2 1
800.66 1964 758.514 5 4
801.64 1930 744.063 0 1
802.62 1960 756.353 1 0
802.62 1947 699.224 1 2
802.62 1958 861.042 4 3
802.62 1964 785.356 4 3
803.6 1976 673.195 1 2
804.58 1958 921.869 3 2
804.58 1963 824.609 4 3
806.54 1946 933.2 2 1
807.52 1946 962.182 1 0
810.46 1964 849.377 3 2
810.46 1983 787.179 3 2
812.42 1902 920.975 1 2
812.42 1978 837.185 3 4
813.4 1956 784.573 0 1
813.4 1958 1131.65 2 1
813.4 1983 800.322 2 1
814.38 1958 1155.67 1 0
814.38 1983 806.177 1 0
814.38 1996 845.298 4 5
815.36 1963 952.204 3 2
816.34 1982 755.447 2 1
816.34 1967 946.108 3 4
817.32 2005 713.499 2 1
817.32 1978 944.964 4 5
818.3 1974 753.066 0 1
818.3 1964 931.628 2 1
819.28 1968 782.966 0 1
819.28 1964 948.618 1 0
819.28 1972 968.181 3 4
820.26 1942 976.352 2 1
821.24 2000 859.752 3 2
821.24 2031 610.804 4 3
822.22 1963 1102.02 2 1
822.22 2031 641.282 3 2
824.18 1980 767.967 0 1
824.18 1963 1123.33 1 0
824.18 1982 790.445 1 0
824.18 2010 682.801 1 2
824.18 2012 825.312 3 2
825.16 2004 691.801 1 0
825.16 2012 836.44 2 1
825.16 2016 783.996 2 3
825.16 2008 999.139 5 4
826.14 1986 756.066 0 1
826.14 2012 850.496 1 0
828.1 2024 838.304 3 4
829.08 2005 748.362 1 0
829.08 1947 955.62 2 3
830.06 2000 949.524 2 1
832.02 1989 937.241 2 3
832.02 2023 813.027 2 1
833 2023 824.737 1 0
833.98 1966 1111.25 2 3
835.94 2000 1063.69 1 0
835.94 2029 850.841 2 3
837.9 2031 805.623 2 1
837.9 2063 712.41 2 1
838.88 2052 840.139 3 2
839.86 2036 707.476 0 1
840.84 2063 721.192 1 0
840.84 2072 663.376 1 2
841.82 2045 787.335 2 1
842.8 2041 710.162 0 1
844.76 2045 811.349 1 0
844.76 2068 769.047 2 3
846.72 2059 689.439 0 1
846.72 2015 799.157 1 2
846.72 2051 839.785 2 3
847.7 2044 705.39 1 2
847.7 2052 1015.84 2 1
848.68 2031 986.885 1 0
849.66 2074 833.939 3 2
850.64 2052 1093.13 1 0
852.6 1988 1036.7 1 2
853.58 2107 637.761 1 2
853.58 2091 809.555 3 4
854.56 2102 719.274 2 3
854.56 2098 767.987 4 3
855.54 2104 774.366 4 3
856.52 2122 588.412 4 3
857.5 2122 618.89 3 2
858.48 2074 1016.64 2 1
860.44 2121 728.984 3 4
861.42 2088 827.336 0 1
861.42 2044 900.405 2 3
861.42 2104 824.27 3 2
862.4 2098 953.697 3 2
863.38 2065 971.188 0 1
863.38 2067 791.243 1 2
863.38 2104 843.364 2 1
864.36 2082 902.211 0 1
864.36 2104 857.302 1 0
864.36 2124 685.026 2 3
865.34 2123 689.196 1 0
865.34 2109 829.667 3 4
866.32 2094 831.073 0 1
867.3 2077 949.601 0 1
867.3 2074 1233.38 1 0
867.3 2120 752.936 2 3
868.28 2106 818.881 0 1
868.28 2077 962.484 1 2
868.28 2141 674.396 1 2
868.28 2122 736.578 2 1
869.26 2098 1060.38 2 1
872.2 2098 1115.32 1 0
872.2 2085 808.324 1 2
873.18 2118 828.233 0 1
873.18 2050 981.214 1 2
874.16 2115 858.241 0 1
874.16 2127 822.137 0 1
874.16 2038 1028.53 1 2
874.16 2129 756.87 1 2
875.14 2106 882.459 1 2
875.14 2158 696.329 1 0
876.12 2100 927.53 0 1
876.12 2067 1013.3 2 3
876.12 2050 1001.32 2 3
876.12 2108 1020.73 2 3
876.12 2107 984.158 2 3
877.1 2079 885.145 1 2
877.1 2154 764.705 3 2
878.08 2135 756.87 1 2
879.06 2122 783.698 1 0
879.06 2120 1002.44 3 2
880.04 2153 738.864 2 3
880.04 2159 726.914 2 3
881.02 2129 842.486 2 3
881.02 2167 760.141 5 4
882 2067 1065.23 3 2
882 2163 790.947 4 3
882.98 2137 1001.71 3 4
882.98 2178 713.532 3 4
882.98 2167 788.468 4 3
883.96 2172 737.382 4 3
885.92 2184 708.015 4 3
887.88 2168 779.805 0 1
887.88 2174 759.073 0 1
887.88 2154 882.985 2 1
887.88 2050 1181.31 3 4
887.88 2163 924.483 3 2
887.88 2179 753.758 5 4
888.86 2175 798.899 4 5
890.82 2112 985.665 1 2
890.82 2167 929.188 3 2
890.82 2189 733.884 4 3
891.8 2184 755.756 3 2
892.78 2172 831.17 3 2
892.78 2050 1226.11 4 3
892.78 2157 1188.87 4 5
893.76 2167 994.47 2 1
893.76 2189 750.303 3 2
893.76 2179 895.516 4 3
894.74 2154 1036.41 1 0
895.72 2204 728.11 1 0
896.7 2163 1161.85 2 1
896.7 2137 1282.02 4 5
897.68 2212 745.891 0 1
897.68 2167 1033.5 1 0
898.66 2206 737.422 3 4
900.62 2172 957.082 2 1
900.62 2184 824.752 2 1
900.62 2160 1325.8 3 2
900.62 2207 859.033 4 5
901.6 2182 965.612 2 3
902.58 2147 1081.31 1 2
902.58 2179 1051.78 3 2
903.56 2172 966.108 1 0
903.56 2189 806.705 2 1
904.54 2194 1058.37 0 1
904.54 2163 1336.07 1 0
904.54 2199 866.956 2 3
904.54 2228 743.76 3 2
905.52 2181 919.337 1 2
906.5 2184 904.647 1 0
906.5 2189 846.224 1 0
907.48 2203 950.27 0 1
907.48 2233 737.688 2 1
907.48 2182 1077.02 3 4
907.48 2252 577.12 5 4
908.46 2233 740.615 1 0
908.46 2221 792.567 2 3
908.46 2193 1038.94 3 4
909.44 2252 625.271 4 3
910.42 2252 653.737 3 2
911.4 2252 684.215 2 1
912.38 2179 1261.92 2 1
914.34 2228 828.675 2 1
915.32 2252 756.607 1 0
916.3 2212 978.252 1 2
916.3 2251 812.717 4 3
917.28 2194 1270.81 1 2
920.22 2164 1375.41 1 2
920.22 2226 982.707 1 2
921.2 2179 1448.6 1 0
921.2 2260 772.52 1 2
923.16 2265 791.962 0 1
923.16 2228 1015.44 1 0
923.16 2262 835.41 3 4
923.16 2272 769.464 5 4
924.14 2216 1156.71 1 2
924.14 2266 769.351 1 2
924.14 2251 978.754 3 2
924.14 2272 793.485 4 3
925.12 2270 804.037 0 1
926.1 2272 802.637 3 2
927.08 2276 839.726 0 1
927.08 2272 811.605 2 1
928.06 2216 1207.37 2 3
929.04 2208 1286.3 1 2
931 2272 852.423 1 0
931 2260 930.905 2 1
931.98 2251 1170.39 2 1
931.98 2279 907.592 3 4
931.98 2290 817.693 3 2
932.96 2282 948.313 0 1
932.96 2303 726.496 0 1
933.94 2295 797.417 1 0
937.86 2266 1006.53 2 3
937.86 2279 989.002 4 5
939.82 2251 1366.69 1 0
939.82 2270 1140.94 1 2
939.82 2288 944.101 1 2
939.82 2307 813.494 3 2
940.8 2289 938.41 2 3
940.8 2312 785.225 2 1
941.78 2291 1005.18 0 1
941.78 2318 784.104 2 1
942.76 2317 757.459 1 0
942.76 2307 871.48 2 1
943.74 2307 896.664 1 0
943.74 2312 811.571 1 0
943.74 2318 788.791 1 0
943.74 2301 956.696 2 3
944.72 2290 1016.78 2 1
944.72 2325 803.441 3 2
945.7 2325 824.535 2 1
945.7 2327 796.599 4 3
947.66 2325 875.504 1 0
948.64 2335 788.124 1 2
948.64 2288 1065.58 2 3
948.64 2327 868.662 3 2
949.62 2306 979.873 2 3
949.62 2333 804.009 4 3
950.6 2332 815.006 0 1
950.6 2342 763.586 3 2
951.58 2290 1181.61 1 0
952.56 2277 1087.67 1 2
952.56 2351 738.936 4 5
953.54 2327 932.068 2 1
954.52 2342 839.928 2 1
954.52 2348 807.119 4 3
955.5 2311 1013.28 1 2
955.5 2323 989.62 1 2
955.5 2329 968.887 1 2
955.5 2335 919.876 2 3
956.48 2333 956.47 3 2
956.48 2378 550.805 5 4
957.46 2359 770.909 3 2
957.46 2378 581.283 4 3
958.44 2378 611.761 3 2
958.44 2365 772.524 4 5
959.42 2378 642.239 2 1
959.42 2360 802.609 4 3
960.4 2378 672.717 1 0
962.36 2327 1065.25 1 0
962.36 2348 911.805 3 2
963.34 2358 944.586 2 1
963.34 2365 828.732 5 4
964.32 2356 966.368 0 1
964.32 2342 1026.71 1 0
964.32 2369 848.479 2 1
964.32 2370 775.394 3 4
965.3 2348 952.563 2 1
965.3 2360 890.155 3 2
966.28 2358 966.836 1 0
966.28 2333 1040.24 2 1
967.26 2369 916.999 1 0
967.26 2353 1021.95 2 3
968.24 2373 869.995 0 1
968.24 2359 942.368 2 1
969.22 2391 734.582 0 1
970.2 2359 953.609 1 0
971.18 2363 959.411 2 3
973.14 2333 1173.82 1 0
974.12 2360 969.275 2 1
976.08 2348 1062.88 1 0
976.08 2425 557.503 5 4
977.06 2382 1028.62 3 4
978.04 2388 914.026 0 1
978.04 2425 582.688 4 3
978.04 2413 763.155 5 4
979.02 2410 820.546 3 2
979.02 2425 599.671 3 2
980 2385 917.12 1 2
980.98 2386 1018.04 2 3
980.98 2413 819.076 4 3
980.98 2418 774.207 4 3
981.96 2362 1050.95 1 2
982.94 2360 1089.01 1 0
982.94 2416 900.034 3 4
983.92 2418 846.27 3 2
984.9 2428 750.226 3 2
985.88 2436 711.568 1 0
985.88 2425 730.349 2 1
986.86 2428 776.638 2 1
987.84 2427 873.469 2 3
987.84 2432 730.141 2 3
989.8 2428 838.212 1 0
989.8 2410 1021.97 2 1
989.8 2451 693.148 3 4
990.78 2449 723.626 1 0
991.76 2420 933.89 1 2
991.76 2413 1071.26 3 2
992.74 2429 912.703 0 1
992.74 2408 969.5 1 2
992.74 2433 924.375 3 4
995.68 2425 849.154 1 0
995.68 2418 1023.92 2 1
996.66 2396 1060.73 1 2
996.66 2418 1038.28 1 0
996.66 2444 876.531 3 4
996.66 2462 728.311 4 5
997.64 2420 1004.39 2 3
997.64 2455 830.444 3 2
998.62 2470 678.22 0 1
998.62 2410 1232.42 1 0
998.62 2480 603.962 4 3
999.6 2413 1267.56 2 1
999.6 2480 634.44 3 2
1000.58 2453 883.092 1 2
1000.58 2466 778.848 2 1
1001.56 2461 813.805 3 2
1002.54 2467 812.397 3 2
1003.52 2478 770.347 3 4
1004.5 2479 786.83 0 1
1004.5 2471 826.119 1 0
1005.48 2483 713.383 1 0
1005.48 2455 1036.13 2 1
1005.48 2472 781.55 2 3
1006.46 2459 1009.96 1 2
1006.46 2461 889.128 2 1
1007.44 2413 1463.86 1 0
1008.42 2467 883.439 2 1
1009.4 2467 905.525 1 0
1010.38 2465 1026.84 1 2
1010.38 2480 795.704 2 1
1012.34 2487 866.809 1 0
1012.34 2498 779.183 4 3
1013.32 2461 1030.31 1 0
1013.32 2493 760.987 1 0
1014.3 2455 1162.81 1 0
1014.3 2466 1073.43 1 0
1014.3 2480 871.814 1 0
1014.3 2499 754.891 1 0
1014.3 2489 871.814 3 4
1016.26 2476 1012.02 1 2
1016.26 2465 1158.57 2 3
1018.22 2502 776.203 0 1
1020.18 2498 947.441 3 2
1021.16 2498 967.932 2 1
1022.14 2507 860.237 3 4
1023.12 2518 821.666 3 4
1026.06 2523 874.606 2 1
1026.06 2527 792.813 4 3
1028.02 2523 925.575 1 0
1029 2527 846.408 3 2
1030.96 2530 832.363 3 4
1031.94 2526 881.527 0 1
1031.94 2533 843.202 1 2
1033.9 2545 844.583 1 0
1033.9 2548 805.097 4 3
1034.88 2498 1354.68 1 0
1034.88 2527 953.443 2 1
1035.86 2527 981.528 1 0
1036.84 2538 886.692 0 1
1036.84 2551 838.895 2 1
1037.82 2548 888.009 3 2
1038.8 2544 889.378 0 1
1038.8 2558 825.278 0 1
1038.8 2551 852.917 1 0
1038.8 2548 901.006 2 1
1039.78 2548 916.93 1 0
1039.78 2562 802.213 1 0
1039.78 2557 807.671 3 2
1041.74 2576 750.754 0 1
1041.74 2546 995.18 2 3
1041.74 2570 795.479 3 4
1041.74 2575 763.394 5 4
1042.72 2571 855.872 4 5
1043.7 2544 946.311 1 2
1043.7 2570 833.534 4 5
1043.7 2575 808.509 4 3
1044.68 2575 835.457 3 2
1046.64 2550 872.701 1 0
1047.62 2576 841.047 1 2
1047.62 2589 737.524 4 3
1048.6 2575 914.618 2 1
1049.58 2575 941.727 1 0
1049.58 2589 769.791 3 2
1052.52 2604 726.224 3 2
1052.52 2594 773.585 4 3
1056.44 2567 899.03 0 1
1057.42 2600 820.176 4 3
1058.4 2596 857.216 1 0
1059.38 2589 1014.61 2 1
1059.38 2594 902.709 3 2
1061.34 2589 1065.36 1 0
1061.34 2613 831.12 2 1
1062.32 2600 912.388 3 2
1063.3 2604 964.431 2 1
1063.3 2594 948.426 2 1
1065.26 2600 952.497 2 1
1065.26 2651 575.063 5 4
1066.24 2607 901.499 1 2
1066.24 2620 855.486 2 1
1066.24 2651 605.541 4 3
1068.2 2613 904.573 1 0
1069.18 2639 813.869 3 2
1070.16 2594 1008.72 1 0
1070.16 2644 786.025 4 3
1071.14 2629 878.272 0 1
1071.14 2584 983.402 1 2
1071.14 2620 921.597 1 0
1071.14 2643 816.503 3 2
1071.14 2651 685.074 3 2
1072.12 2604 1060.82 1 0
1072.12 2641 844.518 1 0
1073.1 2661 672.882 3 2
1073.1 2668 606.45 4 3
1074.08 2638 919.176 2 3
1074.08 2643 826.402 2 1
1074.08 2661 697.571 2 1
1074.08 2644 820.116 3 2
1075.06 2630 856.275 1 2
1075.06 2639 913.08 2 1
1076.04 2634 891.651 0 1
1076.04 2600 1047.52 1 0
1076.04 2639 938.257 1 0
1077.02 2629 982.518 1 2
1077.02 2643 832.132 1 0
1077.02 2661 772.041 1 0
1078 2673 684.2 0 1
1078 2642 960.266 2 3
1078 2651 807.635 2 1
1078.98 2626 1111.87 2 3
1078.98 2668 725.743 3 2
1079.96 2648 856.85 2 1
1080.94 2619 939.521 1 2
1080.94 2666 808.042 3 2
1082.9 2651 822.626 1 0
1082.9 2619 956.967 2 3
1085.84 2644 895.325 2 1
1085.84 2660 857.62 2 1
1085.84 2677 773.986 2 3
1087.8 2688 767.461 2 3
1088.78 2699 692.908 1 0
1088.78 2665 877.037 2 3
1088.78 2695 762.246 5 4
1089.76 2696 751.376 0 1
1089.76 2648 963.905 1 0
1089.76 2700 723.386 2 1
1090.74 2704 683.889 1 0
1091.72 2666 867.227 2 1
1091.72 2705 714.367 2 1
1091.72 2665 934.45 3 4
1092.7 2652 967.706 1 2
1092.7 2695 864.184 4 3
1093.68 2675 914.248 0 1
1093.68 2644 1002.76 1 0
1094.66 2684 908.152 0 1
1094.66 2700 797.45 1 0
1095.64 2701 835.632 3 4
1095.64 2711 766.304 3 4
1096.62 2716 726.807 1 0
1096.62 2668 865.416 2 1
1096.62 2682 860.281 2 3
1097.6 2709 795.498 1 2
1097.6 2701 874.311 4 5
1098.58 2715 801.758 4 5
1098.58 2707 922.33 5 4
1099.56 2660 1016.79 1 0
1099.56 2705 797.242 1 0
1101.52 2682 952.011 3 4
1103.48 2725 770.987 0 1
1103.48 2695 1028.64 3 2
1104.46 2748 588.46 5 4
1105.44 2695 1051.39 2 1
1105.44 2688 1032.46 3 4
1106.42 2666 993.614 1 0
1106.42 2664 975.809 1 2
1107.4 2710 870.007 2 1
1107.4 2733 841.696 2 3
1108.38 2722 839.183 2 3
1109.36 2726 814.565 1 0
1109.36 2732 805.3 1 0
1109.36 2738 801.607 1 0
1110.34 2727 838.636 2 1
1110.34 2740 815.57 3 2
1111.32 2745 776.14 2 1
1112.3 2737 800.523 0 1
1112.3 2750 775.715 2 1
1112.3 2694 1147.31 3 2
1112.3 2748 765.967 4 3
1113.28 2731 862.141 0 1
1113.28 2673 969.23 1 2
1113.28 2696 898.99 1 2
1113.28 2728 1049.28 3 2
1113.28 2751 825.083 3 4
1114.26 2695 1253.79 1 0
1114.26 2668 999.842 1 0
1114.26 2756 739.391 1 2
1115.24 2710 928.278 1 0
1115.24 2739 870.65 2 1
1117.2 2717 981.554 2 3
1118.18 2748 922.665 3 2
1119.16 2767 769.75 2 1
1120.14 2745 819.865 1 0
1120.14 2746 996.294 3 4
1121.12 2757 897.105 2 3
1123.08 2749 816.455 1 2
1123.08 2760 801.577 1 2
1123.08 2767 778.569 1 0
1123.08 2740 930.72 2 1
1124.06 2739 993.395 1 0
1124.06 2727 919.55 1 0
1125.04 2731 1075.78 1 2
1125.04 2750 831.333 1 0
1125.04 2782 776.073 4 3
1126.02 2773 924.003 2 3
1126.02 2786 743.485 3 2
1126.02 2783 791.425 5 4
1127 2748 1160.03 2 1
1127 2790 743.06 3 2
1127.98 2786 758.188 2 1
1127.98 2780 849.425 3 2
1128.96 2740 1046.64 1 0
1128.96 2789 718.691 2 3
1129.94 2782 861.194 3 2
1129.94 2783 902.748 4 3
1130.92 2761 1034.45 2 3
1130.92 2794 752.328 4 5
1131.9 2787 787.862 0 1
1132.88 2776 859.64 0 1
1133.86 2813 695.014 1 0
1133.86 2807 726.815 2 1
1134.84 2810 732.097 0 1
1134.84 2748 1365.72 1 0
1134.84 2785 891.841 2 3
1135.82 2807 757.346 1 0
1135.82 2809 772.403 4 3
1136.8 2780 1062.38 2 1
1137.78 2799 813.725 0 1
1137.78 2790 906.448 2 1
1138.76 2786 837.942 1 0
1138.76 2783 1084.22 3 2
1138.76 2809 820.753 3 2
1139.74 2783 1103.49 2 1
1140.72 2822 730.177 0 1
1140.72 2782 1052.32 2 1
1140.72 2825 747.457 3 4
1141.7 2826 771.719 4 3
1141.7 2825 765.654 4 5
1142.68 2818 772.576 1 0
1143.66 2834 710.564 0 1
1143.66 2806 819.896 1 2
1143.66 2820 826.102 3 4
1144.64 2805 869.102 0 1
1144.64 2826 793.633 3 2
1144.64 2831 783.156 3 2
1145.62 2826 806.793 2 1
1145.62 2832 788.513 4 3
1145.62 2838 741.457 4 3
1146.6 2810 822.823 1 2
1146.6 2796 1116.37 2 3
1146.6 2809 919.033 2 1
1147.58 2780 1302.64 1 0
1147.58 2790 1040.17 1 0
1147.58 2809 934.835 1 0
1147.58 2856 608.938 4 3
1148.56 2782 1160.77 1 0
1148.56 2856 639.416 3 2
1149.54 2783 1305.03 1 0
1149.54 2856 669.894 2 1
1150.52 2845 744.733 1 0
1150.52 2819 969.125 2 3
1150.52 2832 885.157 3 2
1150.52 2853 723.697 3 4
1151.5 2788 1086.77 1 2
1151.5 2856 707.279 1 0
1151.5 2832 913.267 2 1
1153.46 2826 897.976 1 0
1153.46 2830 950.837 2 3
1153.46 2847 776.575 3 4
1156.4 2849 857.167 0 1
1158.36 2831 915.166 2 1
1159.34 2843 886.681 0 1
1160.32 2832 1089.71 1 0
1160.32 2857 808.849 1 0
1160.32 2836 917.377 2 3
1164.24 2855 890.951 0 1
1164.24 2831 1008.92 1 0
1165.22 2876 880.046 2 3
1167.18 2834 857.321 1 2
1168.16 2888 824.9 3 2
1170.12 2881 908.349 2 1
1170.12 2894 815.881 3 2
1171.1 2866 910.167 0 1
1171.1 2878 852.666 0 1
1171.1 2834 902.674 2 3
1172.08 2881 944.079 1 0
1172.08 2897 810.965 1 2
1174.04 2894 866.564 2 1
1176 2890 853.839 0 1
1176 2894 869.634 1 0
1176 2898 852.673 2 1
1176.98 2918 749.327 5 4
1177.96 2888 965.46 2 1
1178.94 2835 1024.96 1 2
1178.94 2914 794.869 1 0
1179.92 2878 922.955 1 2
1180.9 2923 816.425 4 3
1182.86 2926 800.715 1 2
1183.84 2908 864.824 0 1
1184.82 2898 934.638 1 0
1184.82 2915 901.151 2 3
1186.78 2918 966.72 4 3
1187.76 2934 864.976 3 4
1187.76 2945 740.093 5 4
1188.74 2945 761.187 4 3
1190.7 2888 1304.29 1 0
1190.7 2944 826.144 3 2
1190.7 2953 718.865 4 5
1191.68 2925 879.959 0 1
1193.64 2944 888.542 2 1
1193.64 2939 939.974 3 4
1193.64 2947 770.165 4 3
1193.64 2958 754.962 4 3
1195.6 2918 1164.14 3 2
1196.58 2920 863.447 1 2
1196.58 2945 929.164 3 2
1196.58 2958 791.063 3 2
1197.56 2945 949.211 2 1
1198.54 2945 972.184 1 0
1198.54 2967 815.445 2 3
1198.54 2962 748.835 3 4
1199.52 2940 927.411 0 1
1200.5 2971 796.822 1 2
1202.46 2944 926.806 1 0
1202.46 2909 902.905 1 2
1203.44 2948 862.723 1 2
1203.44 2954 853.941 1 2
1203.44 2958 969.552 2 1
1204.42 2918 1390.92 2 1
1204.42 2955 1062.15 2 1
1206.38 2975 869.785 0 1
1206.38 2991 781.543 3 4
1207.36 2981 863.689 0 1
1207.36 2958 1042.99 1 0
1210.3 2984 863.96 2 3
1211.28 2993 853.229 0 1
1211.28 3002 771.097 4 3
1212.26 3001 796.91 3 2
1212.26 3002 792.191 3 2
1213.24 2918 1608.31 1 0
1214.22 2969 1043.79 0 1
1215.2 2990 879.983 2 1
1215.2 3002 795.118 2 1
1216.18 2975 960.244 1 2
1216.18 2966 915.852 1 2
1218.14 3002 812.682 1 0
1218.14 3032 638.794 4 3
1219.12 3032 669.272 3 2
1219.12 3027 709.463 5 4
1220.1 3004 923.277 0 1
1220.1 3032 699.75 2 1
1222.06 3010 933.583 0 1
1222.06 2990 907.103 1 0
1222.06 3032 727.805 1 0
1224.02 3001 955.38 2 1
1225 3001 972.066 1 0
1225 3005 873.712 1 2
1225 3011 858.244 1 2
1226.96 3024 833.671 2 1
1227.94 3040 793.711 1 2
1228.92 3027 944.705 4 3
1229.9 3027 959.643 3 2
1230.88 3046 806.031 2 3
1231.86 3024 878.826 1 0
1234.8 3039 888.053 0 1
1236.76 3073 676.736 1 0
1236.76 3027 1103.15 2 1
1238.72 3072 756.352 0 1
1239.7 3070 810.594 3 2
1241.66 3078 738.46 0 1
1241.66 3075 801.575 3 2
1245.58 3027 1303.04 1 0
1247.54 3086 844.493 2 1
1248.52 3045 1084.45 1 2
1249.5 3089 867.69 0 1
1249.5 3070 1027.59 2 1
1250.48 3072 962.761 1 2
1250.48 3086 911.329 1 0
1250.48 3099 795.977 4 3
1251.46 3070 1030.94 1 0
1251.46 3074 1036.83 2 3
1251.46 3075 1005.07 2 1
1252.44 3084 935.873 0 1
1252.44 3095 884.484 0 1
1252.44 3075 1017.33 1 0
1252.44 3091 848.948 2 1
1254.4 3099 897.915 3 2
1256.36 3119 707.836 0 1
1256.36 3091 911.024 1 0
1258.32 3103 898.832 2 3
1258.32 3109 852.369 2 1
1260.28 3109 871.109 1 0
1260.28 3113 807.101 1 2
1261.26 3114 843.35 2 1
1263.22 3121 841.942 2 1
1265.18 3121 863.024 1 0
1265.18 3126 825.312 3 2
1266.16 3099 1226.72 2 1
1266.16 3137 775.156 2 1
1267.14 3101 1213.24 0 1
1267.14 3099 1250.74 1 0
1267.14 3090 1133.26 1 2
1267.14 3114 954.028 1 0
1267.14 3120 821.738 1 2
1267.14 3136 791.258 1 0
1267.14 3137 786.928 1 0
1268.12 3147 741.72 5 4
1269.1 3116 1120.66 0 1
1270.08 3126 869.974 2 1
1270.08 3147 786.834 4 3
1271.06 3095 1189.57 1 2
1271.06 3096 1150.96 1 2
1271.06 3147 803.861 3 2
1272.04 3140 896.531 0 1
1273.02 3145 810.105 0 1
1273.02 3108 950.78 1 2
1274 3126 887.537 1 0
1274 3165 715.3 1 0
1274.98 3163 763.669 0 1
1277.92 3151 830.354 0 1
1277.92 3166 815.703 2 3
1278.9 3169 769.529 0 1
1279.88 3130 913.159 1 2
1279.88 3172 800.642 3 2
1281.84 3170 784.438 1 2
1282.82 3147 918.508 2 1
1283.8 3172 835.179 2 1
1287.72 3174 871.805 0 1
1287.72 3184 826.556 3 2
1290.66 3199 781.641 1 0
1290.66 3171 904.905 2 1
1291.64 3213 685.444 0 1
1291.64 3147 1105.42 1 0
1293.6 3172 888.051 1 0
1293.6 3205 807.587 2 3
1295.56 3184 904.036 2 1
1296.54 3184 917.136 1 0
1296.54 3216 747.168 1 0
1298.5 3192 928.272 0 1
1298.5 3171 1085.15 1 0
1300.46 3226 782.915 4 3
1301.44 3182 866.353 1 2
1302.42 3198 957.303 0 1
1303.4 3213 827.091 1 2
1305.36 3217 869.29 2 1
1305.36 3222 863.194 2 3
1305.36 3226 910.991 3 2
1305.36 3241 752.348 3 2
1309.28 3215 991.707 0 1
1310.26 3163 972.459 1 2
1313.2 3217 942.221 1 0
1313.2 3261 744.845 1 0
1313.2 3245 853.846 2 3
1315.16 3226 999.619 2 1
1317.12 3226 1025.34 1 0
1317.12 3245 943.43 3 4
1318.1 3213 998.824 2 3
1318.1 3241 909.235 2 1
1318.1 3250 865.424 2 1
1319.08 3242 961.506 0 1
1319.08 3250 876.842 1 0
1319.08 3251 1063.95 3 4
1320.06 3241 928.883 1 0
1320.06 3262 853.232 2 3
1320.06 3293 598.604 4 3
1321.04 3293 628.955 3 2
1321.04 3245 984.458 4 5
1322.02 3254 916.251 0 1
1322.02 3276 875.111 3 4
1323.98 3227 905.886 1 2
1324.96 3286 803.13 3 2
1326.92 3302 655.717 2 1
1326.92 3311 588.412 4 3
1327.9 3268 934.918 2 3
1327.9 3297 689.224 2 3
1327.9 3311 618.89 3 2
1328.88 3254 1040.4 1 2
1328.88 3311 649.368 2 1
1329.86 3290 835.295 1 2
1329.86 3281 949.071 4 5
1330.84 3266 923.155 0 1
1330.84 3277 894.167 0 1
1330.84 3296 832.976 1 0
1330.84 3311 680.407 1 0
1333.78 3283 896.852 0 1
1333.78 3279 1010.54 2 3
1333.78 3286 928.098 2 1
1334.76 3286 941.271 1 0
1334.76 3306 836.321 1 2
1335.74 3277 915.675 1 2
1335.74 3249 887.357 1 2
1337.7 3303 1016.97 3 2
1338.68 3289 921.493 0 1
1338.68 3290 868.689 2 3
1339.66 3291 877.713 2 1
1340.64 3329 757.892 5 4
1341.62 3295 915.397 0 1
1341.62 3319 837.609 2 3
1341.62 3326 800.953 3 2
1342.6 3325 831.513 2 3
1343.58 3329 819.302 4 3
1344.56 3295 947.231 1 2
1344.56 3329 831.912 3 2
1345.54 3304 900.384 0 1
1346.52 3343 743.485 3 2
1347.5 3340 787.837 4 3
1348.48 3310 902.969 0 1
1348.48 3332 888.725 3 4
1349.46 3313 872.392 2 3
1349.46 3347 718.691 2 1
1349.46 3354 706.736 2 1
1349.46 3337 823.058 3 2
1349.46 3360 682.574 3 4
1351.42 3354 721.381 1 0
1351.42 3293 907.969 2 1
1351.42 3352 769.853 4 3
1352.4 3293 916.705 1 0
1352.4 3347 762.701 1 0
1352.4 3331 823.13 2 3
1352.4 3356 748.657 5 4
1353.38 3357 783.753 0 1
1353.38 3291 898.342 1 0
1353.38 3324 834.937 1 2
1353.38 3363 720.511 1 0
1353.38 3307 910.609 2 3
1353.38 3359 786.76 2 1
1354.36 3360 729.929 4 5
1355.34 3365 747.843 3 2
1356.32 3368 737.145 0 1
1356.32 3384 606.69 4 3
1357.3 3384 637.041 3 2
1357.3 3356 845.301 4 3
1358.28 3359 803.975 1 0
1358.28 3370 713.093 2 1
1358.28 3384 667.477 2 1
1359.26 3370 724.836 1 0
1359.26 3377 777.811 3 2
1360.24 3326 936.358 2 1
1360.24 3329 898.919 2 1
1361.22 3386 665.512 0 1
1361.22 3329 907.329 1 0
1361.22 3340 1018.4 3 2
1361.22 3331 1012.31 3 4
1361.22 3352 984.807 3 2
1361.22 3356 954.375 3 2
1362.2 3375 762.297 1 2
1362.2 3384 700.18 1 0
1362.2 3352 1015.28 2 1
1363.18 3337 901.233 2 1
1363.18 3388 721.217 2 1
1364.16 3380 762.055 1 0
1364.16 3393 662.979 1 0
1364.16 3356 1036.16 2 1
1365.14 3326 1016.8 1 0
1365.14 3302 862.007 1 2
1365.14 3391 744.734 5 4
1366.12 3333 907.819 0 1
1366.12 3337 935.803 1 0
1367.1 3339 889.099 0 1
1367.1 3391 789.849 4 3
1370.04 3356 1144.78 1 0
1370.04 3340 1220.36 2 1
1370.04 3343 860.371 2 1
1371.02 3352 1248.64 1 0
1371.02 3388 783.001 1 0
1371.02 3402 739.629 4 5
1372 3391 897.949 3 2
1374.94 3362 871.221 0 1
1374.94 3394 809.876 2 3
1374.94 3435 560.326 5 4
1375.92 3364 925.058 2 3
1376.9 3340 1309.96 1 0
1376.9 3415 746.425 1 0
1376.9 3365 876.492 2 1
1376.9 3376 838.193 2 3
1376.9 3435 608.477 4 3
1377.88 3435 636.943 3 2
1378.86 3343 990.567 1 0
1378.86 3435 667.421 2 1
1379.84 3391 1004.48 2 1
1380.82 3377 876.31 2 1
1380.82 3434 748.577 3 4
1382.78 3435 727.989 1 0
1382.78 3422 807.713 2 3
1382.78 3428 791.872 2 3
1384.74 3439 795.223 3 4
1384.74 3441 751.433 5 4
1385.72 3429 834.819 3 2
1385.72 3443 717.05 4 3
1386.7 3365 1027.08 1 0
1386.7 3377 967.387 1 0
1386.7 3446 783.738 3 4
1387.68 3383 863.036 0 1
1387.68 3391 1198.37 1 0
1387.68 3362 1189.35 1 2
1387.68 3441 811.917 4 3
1388.66 3441 833.211 3 2
1390.62 3369 812.756 1 2
1390.62 3429 888.669 2 1
1391.6 3369 818.611 2 3
1392.58 3392 853.407 0 1
1393.56 3464 736.887 5 4
1395.52 3443 847.643 3 2
1397.48 3441 912.399 2 1
1398.46 3473 760.304 2 3
1398.46 3464 823.257 4 3
1399.44 3406 837.743 0 1
1399.44 3429 1062.18 1 0
1399.44 3443 935.462 2 1
1400.42 3462 867.41 3 4
1401.4 3341 1076.44 1 2
1401.4 3466 712.535 1 2
1401.4 3433 841.459 2 1
1403.36 3443 979.323 1 0
1404.34 3460 721.558 1 0
1404.34 3491 758.131 5 4
1405.32 3468 823.818 3 2
1405.32 3491 767.269 4 3
1406.3 3489 747.421 2 3
1407.28 3441 1108.66 1 0
1408.26 3424 827.824 0 1
1408.26 3433 934.405 1 0
1408.26 3445 861.787 2 1
1408.26 3479 805.53 3 4
1409.24 3445 873.443 1 0
1409.24 3464 897.915 3 2
1410.22 3479 824.833 4 5
1411.2 3430 833.355 0 1
1412.18 3468 881.867 2 1
1413.16 3461 821.895 2 1
1414.14 3486 827.519 3 2
1415.12 3468 916.994 1 0
1415.12 3514 756.762 3 4
1416.1 3464 1018.3 2 1
1416.1 3491 812.548 3 2
1417.08 3455 904.802 2 3
1417.08 3514 780.731 4 5
1418.06 3448 813.454 0 1
1419.04 3506 701.082 1 2
1419.04 3489 811.917 3 4
1421 3461 930.665 1 0
1421.98 3486 959.671 2 1
1421.98 3543 698.746 3 4
1422.96 3500 711.569 1 0
1422.96 3519 785.154 3 2
1422.96 3522 805.171 4 3
1422.96 3532 772.993 5 4
1423.94 3459 820.47 0 1
1425.9 3464 1183.67 1 0
1427.86 3522 887.878 3 2
1427.86 3567 569.8 5 4
1428.84 3495 944.514 2 3
1428.84 3522 913.201 2 1
1428.84 3539 802.665 4 5
1429.82 3507 793.048 2 1
1429.82 3532 843.559 4 3
1430.8 3465 824.651 0 1
1430.8 3507 799.067 1 0
1430.8 3491 1100.72 2 1
1430.8 3532 865.349 3 2
1431.78 3486 1157.41 1 0
1431.78 3519 905.535 2 1
1431.78 3532 869.97 2 1
1432.76 3522 966.879 1 0
1432.76 3519 922.572 1 0
1432.76 3532 877.518 1 0
1433.74 3480 790.768 0 1
1433.74 3513 795.935 2 1
1434.72 3459 992.691 1 2
1435.7 3513 816.06 1 0
1436.68 3448 1108.11 1 2
1436.68 3548 797.471 3 2
1436.68 3567 747.307 4 3
1437.66 3471 908.058 0 1
1437.66 3584 673.626 4 5
1439.62 3491 1212.63 1 0
1440.6 3523 710.603 1 0
1441.58 3542 753.139 2 1
1442.56 3444 906.461 1 2
1442.56 3448 1192.17 2 1
1442.56 3586 690.725 2 1
1444.52 3509 754.086 0 1
1444.52 3542 779.484 1 0
1444.52 3590 729.78 4 3
1444.52 3588 762.144 5 4
1445.5 3548 884.401 2 1
1445.5 3592 694.222 2 3
1445.5 3565 871.205 3 4
1445.5 3593 714.161 3 4
1446.48 3567 811.156 3 2
1446.48 3595 731.305 4 3
1447.46 3548 910.747 1 0
1447.46 3530 857.331 2 3
1448.44 3551 665.487 1 0
1448.44 3583 798.964 3 4
1448.44 3593 731.433 4 5
1449.42 3608 592.086 1 2
1449.42 3587 792.868 3 4
1449.42 3601 725.337 4 3
1450.4 3515 765.474 0 1
1450.4 3588 886.004 4 3
1451.38 3615 703.414 3 4
1451.38 3607 730.853 4 3
1451.38 3617 698.41 5 4
1452.36 3552 817.298 2 1
1452.36 3622 664.296 3 2
1453.34 3625 586.68 1 2
1453.34 3530 953.932 3 4
1453.34 3590 812.546 3 2
1455.3 3533 703.821 0 1
1455.3 3586 719.385 1 0
1455.3 3574 778.277 2 1
1455.3 3595 806.45 3 2
1456.28 3567 941.74 2 1
1456.28 3575 910.976 3 4
1456.28 3617 726.044 4 5
1457.26 3521 800.072 0 1
1457.26 3567 957.84 1 0
1457.26 3591 640.379 1 2
1458.24 3595 845.682 2 1
1459.22 3595 864.614 1 0
1459.22 3622 721.21 2 1
1459.22 3634 709.791 4 3
1460.2 3538 710.898 0 1
1460.2 3622 729.992 1 0
1461.18 3588 970.841 3 2
1461.18 3601 817.485 3 2
1461.18 3616 989.127 4 5
1462.16 3590 927.843 2 1
1462.16 3639 653.603 2 3
1464.12 3607 816.902 3 2
1464.12 3657 600.47 4 3
1465.1 3557 948.785 2 3
1465.1 3657 627.087 3 2
1465.1 3646 753.059 5 4
1465.1 3652 694.487 5 4
1467.06 3653 598.688 1 2
1467.06 3655 699.33 3 4
1468.04 3588 1088.98 2 1
1468.04 3644 749.544 3 4
1468.04 3639 743.448 3 4
1469.02 3581 676.23 1 0
1470 3634 780.326 3 2
1470.98 3590 1114.27 1 0
1470.98 3649 702.681 2 1
1470.98 3652 744.032 4 5
1471.96 3562 764.212 0 1
1472.94 3649 715.869 1 0
1472.94 3654 705.85 2 3
1472.94 3640 783.183 3 2
1473.92 3675 681.712 4 3
1474.9 3646 970.452 4 3
1475.88 3568 795.439 0 1
1475.88 3601 1143 2 1
1475.88 3640 817.368 2 1
1475.88 3657 711.946 2 1
1475.88 3666 669.313 2 1
1476.86 3588 1238.37 1 0
1476.86 3552 1222.25 1 2
1476.86 3601 1167.02 1 0
1476.86 3640 833.819 1 0
1478.82 3570 1110.69 2 3
1478.82 3610 940.15 3 2
1478.82 3627 919.418 3 2
1478.82 3654 779.461 3 4
1480.78 3670 603.078 1 2
1480.78 3564 1133.19 2 3
1480.78 3651 1068.32 4 5
1481.76 3607 1139.28 2 1
1481.76 3664 893.144 5 4
1482.74 3646 1136.49 3 2
1483.72 3657 769.043 1 0
1483.72 3705 571.794 1 2
1483.72 3610 1057.24 2 3
1484.7 3594 790.697 0 1
1484.7 3666 718.933 1 0
1486.66 3612 737.831 0 1
1487.64 3624 701.263 0 1
1488.62 3683 704.16 2 3
1489.6 3689 698.064 2 1
1489.6 3706 656.116 2 3
1490.58 3719 663.363 3 4
1490.58 3664 1102.87 4 3
1490.58 3669 956.175 4 5
1491.56 3607 1308.06 1 0
1491.56 3646 1225.69 2 1
1491.56 3634 1100.92 2 1
1491.56 3705 655.875 2 3
1492.54 3635 721.271 0 1
1492.54 3664 1153.84 3 2
1493.52 3494 1205.37 1 2
1493.52 3689 742.714 1 0
1493.52 3671 859.789 2 3
1493.52 3675 1048.04 3 4
1494.5 3656 702.983 0 1
1494.5 3670 694.654 2 1
1495.48 3634 1144.08 1 0
1495.48 3720 750.523 5 4
1497.44 3646 1360.13 1 0
1497.44 3546 1065.37 1 2
1497.44 3676 649.674 1 0
1497.44 3701 697.34 2 1
1498.42 3638 757.767 1 2
1498.42 3733 588.955 1 2
1499.4 3704 1046.4 4 5
1500.38 3664 1255.39 2 1
1500.38 3712 963.413 3 4
1500.38 3748 608.556 4 3
1501.36 3725 750.336 4 5
1502.34 3541 1156.36 1 2
1502.34 3670 783.102 1 0
1502.34 3742 713.191 4 3
1503.32 3701 777.006 1 0
1503.32 3720 946.823 4 3
1504.3 3682 678.191 1 0
1504.3 3720 967.917 3 2
1505.28 3688 672.095 1 0
1505.28 3734 701.987 2 1
1506.26 3653 1019.61 2 3
1506.26 3695 992.781 2 3
1507.24 3674 800.565 0 1
1507.24 3609 1369.63 2 3
1507.24 3766 598.364 4 3
1508.22 3533 1238.81 1 2
1508.22 3556 1200.27 1 2
1508.22 3766 619.564 3 2
1509.2 3664 1466.79 1 0
1509.2 3672 1456.34 3 2
1509.2 3753 713.355 3 4
1510.18 3648 794.087 1 2
1510.18 3742 901.905 3 2
1511.16 3643 1116.86 2 3
1511.16 3740 760.292 2 3
1511.16 3748 801.152 3 2
1511.16 3760 794.916 4 5
1512.14 3734 764.09 1 0
1512.14 3748 828.783 2 1
1513.12 3680 801.546 0 1
1513.12 3748 859.261 1 0
1513.12 3720 1039.38 2 1
1514.1 3720 1054.01 1 0
1515.08 3697 724.6 0 1
1517.04 3685 779.259 0 1
1517.04 3722 708.187 1 0
1517.04 3759 786.985 3 2
1518.02 3603 1157.11 1 2
1518.02 3613 1139.31 1 2
1518.02 3778 762.533 5 4
1519 3766 698.611 2 1
1519 3774 672.953 2 3
1519 3741 1095.23 3 4
1519.98 3660 889.855 1 2
1519.98 3723 1023.12 2 3
1519.98 3787 731.297 3 2
1521.94 3801 576.921 1 2
1521.94 3742 1082.32 2 1
1521.94 3768 697.93 2 1
1521.94 3798 659.009 3 4
1522.92 3742 1099.88 1 0
1522.92 3783 787.059 4 3
1524.88 3624 1067.6 1 2
1524.88 3769 876.669 3 4
1525.86 3766 770.422 1 0
1525.86 3786 693.694 2 1
1525.86 3801 618.554 2 3
1526.84 3691 939.231 0 1
1526.84 3787 801.174 2 1
1526.84 3816 601.092 3 4
1527.82 3768 795.849 1 0
1527.82 3624 1120.3 2 3
1527.82 3778 955.028 4 3
1529.78 3732 740.933 0 1
1529.78 3656 1108.1 1 2
1529.78 3767 664.24 1 0
1529.78 3660 1137.62 2 3
1529.78 3783 921.511 3 2
1530.76 3721 785.326 0 1
1530.76 3787 828.245 1 0
1531.74 3759 1034.72 2 1
1531.74 3745 1011.4 2 3
1532.72 3797 759.441 2 3
1532.72 3795 977.581 4 5
1533.7 3778 1088.37 3 2
1533.7 3801 793.315 3 2
1533.7 3827 636.255 4 3
1534.68 3797 781.591 3 4
1535.66 3728 1462.27 2 1
1535.66 3820 783.995 3 2
1536.64 3751 778.49 1 2
1536.64 3832 669.592 3 2
1538.6 3765 730.703 0 1
1538.6 3786 819.713 1 0
1538.6 3783 1042.9 2 1
1539.58 3759 1155.46 1 0
1539.58 3820 861.243 2 1
1539.58 3819 743.839 2 3
1542.52 3778 1325.74 2 1
1542.52 3822 1035.3 5 4
1544.48 3770 780.709 0 1
1545.46 3820 966.417 1 0
1545.46 3842 722.141 2 3
1546.44 3801 1073.69 2 1
1546.44 3837 732.628 2 1
1547.42 3783 1150.46 1 0
1547.42 3801 1089.79 1 0
1547.42 3785 745.082 1 2
1548.4 3665 1366.9 1 2
1548.4 3832 772.388 2 1
1549.38 3859 728.683 2 3
1550.36 3770 896.322 1 2
1551.34 3800 759.131 0 1
1551.34 3778 1552.52 1 0
1551.34 3836 675.823 1 0
1551.34 3864 624.852 1 2
1552.32 3837 794.101 1 0
1552.32 3884 564.967 5 4
1553.3 3830 687.774 1 2
1553.3 3876 616.985 1 2
1554.28 3806 764.865 0 1
1554.28 3761 1000.72 1 2
1554.28 3773 1008.91 1 2
1554.28 3884 590.152 4 3
1555.26 3884 607.135 3 2
1556.24 3721 1077.55 1 2
1557.22 3811 769.075 0 1
1557.22 3832 936.317 1 0
1557.22 3874 781.671 4 3
1558.2 3785 964.113 2 3
1558.2 3865 829.25 2 1
1558.2 3874 802.765 3 2
1559.18 3865 845.35 1 0
1560.16 3817 772.523 0 1
1562.12 3858 686.305 1 0
1564.08 3886 798.255 4 3
1565.06 3889 755.547 3 2
1567.02 3889 770.183 2 1
1568 3844 763.296 0 1
1568 3881 694.427 1 0
1568 3874 908.887 2 1
1568 3882 807.159 2 1
1568.98 3889 789.371 1 0
1568.98 3900 757.991 3 2
1569.96 3882 819.565 1 0
1569.96 3915 650.146 1 2
1569.96 3830 920.915 2 3
1569.96 3894 725.528 2 3
1569.96 3907 774.207 4 3
1570.94 3883 864.098 3 4
1572.9 3904 673.147 1 0
1572.9 3884 756.822 2 1
1572.9 3886 905.672 3 2
1572.9 3919 746.839 5 4
1573.88 3862 749.348 0 1
1573.88 3888 749.682 2 1
1573.88 3907 832.289 3 2
1574.86 3884 777.313 1 0
1574.86 3888 758.546 1 0
1574.86 3927 660.642 1 2
1574.86 3918 835.346 4 5
1574.86 3936 611.426 4 3
1575.84 3856 803.73 0 1
1576.82 3874 1113.76 1 0
1576.82 3915 716.351 2 3
1577.8 3900 907.12 2 1
1578.78 3900 924.684 1 0
1578.78 3935 737.061 3 4
1579.76 3867 758.048 0 1
1579.76 3909 655.091 0 1
1579.76 3814 896.79 1 2
1579.76 3844 881.912 1 2
1580.74 3937 667.051 1 0
1580.74 3886 1088.86 2 1
1580.74 3907 945.737 2 1
1580.74 3929 791.262 3 2
1581.72 3907 963.897 1 0
1581.72 3929 807.265 2 1
1582.7 3791 1068.6 1 2
1582.7 3929 826.195 1 0
1582.7 3919 994.71 4 3
1583.68 3919 1018.73 3 2
1584.66 3873 766.188 0 1
1584.66 3919 1045.68 2 1
1585.64 3876 1047.87 2 3
1586.62 3919 1057.88 1 0
1586.62 3936 768.803 3 2
1587.6 3885 751.108 0 1
1587.6 3916 827.918 2 3
1587.6 3928 754.253 2 1
1588.58 3886 1285.16 1 0
1588.58 3928 765.962 1 0
1588.58 3949 666.568 1 2
1588.58 3894 1010.96 3 4
1588.58 3975 573.053 5 4
1589.56 3936 804.19 2 1
1590.54 3917 1025.39 3 2
1590.54 3975 598.238 4 3
1591.52 3951 761.016 3 2
1591.52 3975 615.221 3 2
1592.5 3939 844.485 3 4
1594.46 3891 757.177 0 1
1594.46 3936 874.425 1 0
1595.44 3945 679.982 1 0
1596.42 3934 769.138 2 1
1597.4 3934 781.579 1 0
1598.38 3897 757.199 0 1
1598.38 3951 889.98 2 1
1599.36 3951 920.112 1 0
1599.36 3962 729.145 2 3
1599.36 3969 820.208 3 4
1601.32 3903 759.79 0 1
1603.28 3995 631.214 1 2
1604.26 3989 817.071 4 3
1605.24 3887 741.682 1 2
1605.24 3985 682.323 2 3
1606.22 3914 754.208 0 1
1606.22 3962 789.719 3 4
1606.22 3992 774.841 3 2
1606.22 3997 762.89 3 2
1607.2 3992 783.623 2 1
1607.2 4008 694.817 3 4
1608.18 3992 795.332 1 0
1608.18 3968 851.118 2 3
1609.16 4003 672.085 2 3
1609.16 4008 738.958 4 5
1610.14 3887 783.14 2 3
1611.12 3932 738.229 0 1
1611.12 3973 732.125 2 1
1611.12 3978 711.563 2 3
1611.12 3962 877.538 4 3
1612.1 3989 1022.75 3 2
1613.08 3997 865.346 2 1
1615.04 3938 1061.77 2 1
1615.04 4039 592.144 4 3
1616.02 3870 997.353 1 2
1617 3944 751.627 0 1
1617 3973 776.079 1 0
1617 3975 755.257 2 1
1617.98 3975 765.473 1 0
1617.98 4026 743.064 3 2
1618.96 3953 737.221 0 1
1619.94 3997 948.304 1 0
1619.94 3989 1219.05 2 1
1621.9 3996 726.763 2 1
1622.88 3989 1291.12 1 0
1622.88 3938 1196.61 1 2
1622.88 3996 730.51 1 0
1622.88 4031 782.408 3 2
1622.88 4039 753.184 3 2
1624.84 3991 882.153 2 3
1624.84 4035 672.513 2 3
1624.84 4041 666.417 2 3
1624.84 4036 787.232 3 2
1625.82 4039 757.46 2 1
1625.82 3995 745.623 2 1
1626.8 4026 778.193 2 1
1627.78 4039 760.388 1 0
1627.78 3995 760.033 1 0
1627.78 4042 811.758 3 4
1627.78 4066 661.808 3 4
1628.76 4069 590.38 1 2
1628.76 4060 761.624 5 4
1629.74 4026 818.545 1 0
1629.74 4060 782.717 4 3
1630.72 3984 685.362 1 0
1630.72 4031 950.8 2 1
1631.7 4018 766.569 2 3
1631.7 4053 692.866 2 1
1632.68 4031 974.912 1 0
1633.66 4064 589.282 1 2
1633.66 4036 945.638 2 1
1633.66 4059 721.795 3 2
1634.64 3953 929.709 1 2
1634.64 4053 716.459 1 0
1635.62 4036 974.516 1 0
1635.62 4059 733.492 2 1
1637.58 4006 679.881 1 0
1637.58 4060 919.461 3 2
1639.54 4097 573.793 1 2
1640.52 4075 698.303 2 1
1641.5 4082 692.207 2 3
1641.5 4076 832.549 3 2
1642.48 4012 685.494 1 0
1643.46 4059 897.121 1 0
1643.46 4104 628.589 2 3
1643.46 4113 557.36 5 4
1644.44 3970 852.512 0 1
1645.42 4060 1054.2 2 1
1645.42 4064 694.959 2 1
1647.38 4060 1071.6 1 0
1647.38 4075 838.447 1 0
1647.38 4076 950.837 2 1
1648.36 4076 971.668 1 0
1648.36 4121 568.18 1 2
1649.34 3972 998.516 1 2
1650.32 3977 992.42 1 2
1651.3 3988 744.751 0 1
1651.3 4113 734.867 4 3
1652.28 3994 691.818 0 1
1653.26 4064 818.136 1 0
1654.24 4123 754.944 3 2
1655.22 4097 699.19 2 1
1655.22 4132 644.614 2 3
1655.22 4127 745.467 3 2
1656.2 4097 707.61 1 0
1656.2 4113 810.346 3 2
1657.18 4113 834.224 2 1
1657.18 4110 689.414 2 1
1658.16 4110 697.466 1 0
1658.16 4040 671.114 1 0
1659.14 4113 890.761 1 0
1659.14 4145 641.101 3 2
1660.12 4074 633.557 1 2
1661.1 4123 903.423 2 1
1662.08 4005 670.844 0 1
1663.06 4127 897.327 2 1
1663.06 4138 666.986 2 3
1664.04 4123 994.857 1 0
1664.04 4127 916.714 1 0
1664.04 4148 739.232 5 4
1666 4148 784.346 4 3
1666.98 4137 578.693 1 2
1667.96 4166 548.213 1 2
1667.96 4145 697.121 2 1
1667.96 4168 651.856 3 4
1668.94 4144 673.585 2 3
1669.92 4020 724.516 0 1
1669.92 4150 667.489 2 3
1671.88 4148 890.552 3 2
1672.86 4005 880.175 1 2
1672.86 4178 542.117 1 2
1673.84 4091 662.348 1 0
1673.84 4148 905.874 2 1
1674.82 4156 682.8 2 1
1674.82 4176 734.582 4 5
1675.8 4148 932.906 1 0
1676.78 4032 783.201 0 1
1676.78 4167 670.608 2 3
1676.78 4184 618.721 2 3
1676.78 4150 808.372 3 2
1677.76 4145 802.504 1 0
1679.72 4038 766.604 0 1
1680.7 4109 698.744 1 0
1680.7 4114 687.969 1 0
1680.7 4196 671.909 3 4
1683.64 4044 766.454 0 1
1684.62 4195 637.358 2 3
1686.58 4137 852.334 2 1
1687.56 4137 882.812 1 0
1690.5 4156 762.641 1 0
1691.48 4217 658.806 2 3
1692.46 4188 679.731 1 2
1693.44 4079 711.681 0 1
1695.4 4234 566.773 1 2
1697.36 4055 963.903 0 1
1697.36 4245 557.227 1 2
1698.34 4155 706.416 1 0
1699.32 4223 760.256 2 3
1699.32 4254 572.144 5 4
1700.3 4085 697.282 0 1
1701.28 4254 620.295 4 3
1702.26 4223 812.947 3 4
1704.22 4090 699.968 0 1
1705.2 4247 802.819 3 2
1706.18 4245 738.316 2 3
1707.16 4096 705.581 0 1
1707.16 4258 723.439 2 1
1707.16 4250 844.676 4 5
1708.14 4247 857.376 2 1
1709.12 4247 881.416 1 0
1709.12 4258 728.705 1 0
1709.12 4228 630.82 1 2
1709.12 4254 752.012 3 2
1710.1 4254 763.634 2 1
1710.1 4263 714.873 2 1
1711.08 4102 708.267 0 1
1711.08 4254 778.184 1 0
1712.06 4263 726.31 1 0
1712.06 4171 694.224 1 0
1712.06 4183 688.128 1 2
1713.04 4102 720.723 1 2
1713.04 4257 618.386 1 2
1715 4228 709.857 2 1
1715 4264 830.514 3 4
1715.98 4108 696.317 0 1
1715.98 4228 733.275 1 0
1715.98 4294 596.116 4 3
1716.96 4200 678.863 1 0
1719.9 4257 741 2 1
1719.9 4294 628.145 3 2
1719.9 4299 609.651 3 4
1720.88 4117 679.975 0 1
1721.86 4285 600.83 1 2
1722.84 4268 624.241 1 2
1723.82 4222 651.552 1 2
1724.8 4257 779.834 1 0
1724.8 4294 723.347 2 1
1725.78 4298 813.274 2 1
1725.78 4222 666.189 2 3
1728.72 4298 904.708 1 0
1728.72 4210 726.094 1 2
1731.66 4140 777.271 0 1
1732.64 4146 746.096 0 1
1732.64 4294 805.474 1 0
1732.64 4262 691.81 1 0
1732.64 4309 596.688 1 2
1732.64 4313 593.519 1 2
1734.6 4323 774.829 4 3
1737.54 4327 752.279 3 2
1738.52 4341 571.821 1 2
1738.52 4268 827.704 2 1
1738.52 4285 810.625 2 3
1739.5 4342 610.6 2 3
1739.5 4323 886.647 3 2
1740.48 4343 738.003 3 4
1743.42 4320 792.276 2 3
1744.4 4332 750.987 2 3
1744.4 4355 624.513 2 3
1744.4 4353 733.96 4 5
1745.38 4268 985.55 1 0
1745.38 4332 757.018 3 4
1746.36 4182 855.106 0 1
1746.36 4327 846.876 2 1
1746.36 4347 802.143 4 3
1747.34 4319 743.185 1 0
1747.34 4320 834.835 3 4
1747.34 4347 817.081 3 2
1748.32 4332 792.674 4 5
1749.3 4357 767.263 5 4
1750.28 4323 1124.01 2 1
1752.24 4323 1147.73 1 0
1752.24 4327 896.744 1 0
1752.24 4348 724.656 1 0
1753.22 4199 919.143 0 1
1753.22 4251 890.648 1 2
1754.2 4199 934.087 1 2
1755.18 4193 954.337 0 1
1755.18 4347 999.562 2 1
1755.18 4313 813.631 2 1
1756.16 4279 896.785 1 2
1758.12 4231 722.225 0 1
1758.12 4216 1232.62 1 2
1758.12 4251 983.28 2 3
1758.12 4357 953.942 4 3
1759.1 4273 650.28 0 1
1759.1 4313 878.764 1 0
1760.08 4297 930.033 1 2
1761.06 4237 726.375 0 1
1761.06 4376 700.03 1 2
1761.06 4378 802.672 3 2
1761.06 4390 779.494 3 4
1762.04 4377 751.383 2 1
1762.04 4357 1036.34 3 2
1763.02 4249 714.183 0 1
1763.02 4377 757.237 1 0
1764 4347 1216.96 1 0
1764 4394 737.669 2 3
1764.98 4208 1046.74 0 1
1764.98 4381 702.716 1 0
1766.94 4336 955.515 1 2
1766.94 4371 836.808 2 1
1767.92 4388 705.402 1 0
1767.92 4427 552.527 5 4
1768.9 4255 700.769 0 1
1768.9 4378 914.482 2 1
1768.9 4409 773.962 5 4
1769.88 4301 1030.04 1 2
1769.88 4378 931.251 1 0
1769.88 4357 1218.96 2 1
1769.88 4399 767.981 2 1
1769.88 4407 784.173 3 2
1769.88 4408 750.413 4 5
1769.88 4414 743.123 4 5
1769.88 4427 577.712 4 3
1770.86 4399 785.545 1 0
1770.86 4409 806.764 4 3
1771.84 4394 902.62 3 4
1772.82 4325 1062 1 2
1772.82 4410 657.358 1 2
1772.82 4424 749.285 5 4
1774.78 4405 678.091 1 0
1774.78 4433 638.845 1 2
1774.78 4426 767.163 4 3
1775.76 4278 746.881 0 1
1775.76 4427 722.379 3 2
1776.74 4429 739.525 2 1
1776.74 4427 742.151 2 1
1777.72 4427 764.851 1 0
1777.72 4429 744.235 1 0
1777.72 4422 778.966 2 1
1777.72 4409 998.931 3 2
1778.7 4296 658.338 0 1
1778.7 4357 1425.08 1 0
1779.68 4416 685.658 1 0
1779.68 4407 974.767 2 1
1780.66 4450 641.518 1 2
1780.66 4446 672.676 2 1
1781.64 4422 866.785 1 0
1781.64 4440 756.547 3 2
1782.62 4421 659.803 1 0
1782.62 4440 774.145 2 1
1782.62 4444 775.451 4 3
1783.6 4237 966.656 1 2
1783.6 4398 815.915 1 2
1783.6 4426 981.434 3 2
1783.6 4444 796.545 3 2
1784.58 4426 1003.86 2 1
1785.56 4409 1215.2 2 1
1785.56 4452 782.477 3 4
1786.54 4409 1236.3 1 0
1786.54 4398 878.107 2 3
1786.54 4439 741.526 2 3
1787.52 4426 1015.2 1 0
1788.5 4407 1171.61 1 0
1788.5 4450 729.334 2 3
1790.46 4308 750.308 0 1
1790.46 4440 930.03 1 0
1790.46 4446 778.574 1 0
1790.46 4482 598.986 4 3
1791.44 4482 629.464 3 2
1792.42 4237 1148.55 2 1
1792.42 4444 950.94 2 1
1793.4 4278 978.621 1 2
1793.4 4308 767.707 1 2
1794.38 4317 753.718 0 1
1794.38 4462 747.879 2 1
1795.36 4445 726.407 1 0
1796.34 4428 882.394 1 2
1797.32 4393 1092.53 1 2
1798.3 4328 726.165 0 1
1799.28 4486 729.488 2 3
1800.26 4444 1080.33 1 0
1800.26 4461 717.142 1 0
1801.24 4490 740.778 2 1
1802.22 4384 653.737 0 1
1802.22 4462 829.843 1 0
1803.2 4438 823.747 1 2
1804.18 4340 727.691 0 1
1804.18 4482 765.94 2 1
1804.18 4499 774.207 4 3
1805.16 4490 749.84 1 0
1805.16 4499 795.301 3 2
1806.14 4503 738.177 3 4
1807.12 4501 665.688 1 2
1807.12 4509 735.037 3 2
1807.12 4506 791.001 4 3
1810.06 4509 763.377 2 1
1810.06 4519 732.716 3 2
1811.04 4352 722.272 0 1
1811.04 4358 716.176 0 1
1811.04 4509 778.678 1 0
1812.02 4473 766.423 1 0
1812.02 4499 975.786 2 1
1813 4482 934.434 1 0
1813 4489 694.712 1 0
1813.98 4346 759.105 0 1
1813.98 4514 790.81 2 1
1813.98 4519 774.659 2 1
1813.98 4531 696.697 2 3
1814.96 4517 641.304 1 2
1814.96 4530 629.128 1 2
1814.96 4535 628.911 1 2
1815.94 4519 797.696 1 0
1815.94 4495 696.666 1 0
1815.94 4508 901.976 2 1
1816.92 4363 683.735 0 1
1816.92 4485 721.548 1 2
1817.9 4536 708.653 2 1
1817.9 4506 1078.73 3 2
1817.9 4529 787.837 4 3
1818.88 4536 714.541 1 0
1818.88 4506 1099.83 2 1
1819.86 4375 677.397 0 1
1819.86 4506 1123.85 1 0
1819.86 4544 757.142 3 4
1820.84 4499 1213.15 1 0
1820.84 4514 889.626 1 0
1821.82 4548 634.283 2 3
1822.8 4478 880.654 1 2
1822.8 4529 891.799 3 2
1823.78 4508 1061.74 1 0
1823.78 4529 921.373 2 1
1823.78 4550 786.647 4 3
1824.76 4404 661.795 0 1
1824.76 4560 654.532 3 4
1825.74 4554 763.792 3 4
1826.72 4369 833.325 0 1
1829.66 4517 922.979 2 3
1829.66 4544 925.748 4 3
1831.62 4552 666.925 1 2
1831.62 4550 881.482 3 2
1831.62 4555 950.13 4 5
1832.6 4569 622.292 1 2
1832.6 4550 904.28 2 1
1833.58 4529 1068.24 1 0
1834.56 4449 663.033 0 1
1834.56 4542 760.599 1 0
1835.54 4565 823.316 2 1
1836.52 4569 686.692 2 3
1837.5 4437 713.279 0 1
1838.48 4419 860.369 0 1
1838.48 4552 807.872 2 3
1838.48 4576 884.632 3 2
1839.46 4592 641.817 1 2
1839.46 4575 812.163 2 1
1842.4 4550 1108.86 1 0
1842.4 4594 790.695 3 2
1842.4 4596 768.609 4 3
1843.38 4596 789.703 3 2
1844.36 4565 979.108 1 0
1844.36 4576 1042.88 2 1
1846.32 4425 963.27 0 1
1846.32 4575 928.418 1 0
1846.32 4611 740.802 3 4
1848.28 4472 736.223 0 1
1848.28 4524 919.156 1 2
1848.28 4593 793.056 2 1
1849.26 4599 786.96 2 1
1850.24 4593 811.585 1 0
1851.22 4594 992.802 2 1
1852.2 4576 1231.95 1 0
1852.2 4596 897.518 2 1
1853.18 4596 912.154 1 0
1853.18 4598 727.916 1 0
1853.18 4592 829.164 2 3
1854.16 4454 832.999 0 1
1854.16 4616 808.655 3 2
1854.16 4620 795.923 4 3
1855.14 4599 877.676 1 0
1855.14 4628 758.984 3 2
1856.12 4534 659.523 0 1
1856.12 4564 942.33 1 2
1856.12 4616 837.944 2 1
1856.12 4620 828.726 3 2
1857.1 4630 761.043 5 4
1858.08 4493 722.326 0 1
1858.08 4622 769.653 2 1
1860.04 4564 983.312 2 3
1860.04 4636 758.734 5 4
1860.04 4659 575.398 5 4
1861.02 4622 782.81 1 0
1861.02 4634 810.674 3 2
1862 4628 792.83 2 1
1862 4630 865.005 4 3
1862.98 4594 1218.44 1 0
1862.98 4644 742.1 2 1
1862.98 4640 820.15 3 2
1863.96 4616 1017.24 1 0
1863.96 4644 747.955 1 0
1864.94 4505 727.697 0 1
1864.94 4636 870.014 4 3
1865.92 4513 1233.79 1 2
1865.92 4620 1075.39 2 1
1866.9 4662 739.654 2 1
1866.9 4641 807.621 4 5
1866.9 4659 734.016 4 3
1867.88 4510 727.822 0 1
1867.88 4662 761.649 1 0
1867.88 4651 815.982 3 2
1867.88 4659 750.144 3 2
1868.86 4547 1248.54 1 2
1868.86 4581 1028.21 1 2
1868.86 4626 697.436 1 2
1868.86 4643 671.588 1 0
1868.86 4659 769.2 2 1
1868.86 4630 1077.45 3 2
1869.84 4558 1242.45 1 2
1869.84 4659 791.184 1 0
1869.84 4649 665.492 1 2
1870.82 4620 1156.08 1 0
1870.82 4634 1013.19 2 1
1870.82 4667 780.209 2 3
1870.82 4676 709.702 4 3
1872.78 4628 933.023 1 0
1872.78 4640 959.297 2 1
1872.78 4615 942.686 2 3
1873.76 4546 705.941 0 1
1873.76 4640 974.088 1 0
1873.76 4636 1086.29 3 2
1874.74 4557 665.757 0 1
1874.74 4581 1072.15 2 3
1875.72 4636 1116.16 2 1
1877.68 4630 1280.64 2 1
1877.68 4690 714.039 2 3
1877.68 4688 751.959 5 4
1878.66 4563 678.688 0 1
1878.66 4630 1304.66 1 0
1878.66 4661 648.909 1 2
1878.66 4651 952.565 2 1
1879.64 4634 1209.49 1 0
1879.64 4685 829.29 3 2
1880.62 4655 669.642 1 0
1880.62 4671 636.717 1 2
1880.62 4688 807.88 4 3
1881.6 4636 1221.47 1 0
1882.58 4627 1151.22 2 1
1883.56 4712 594.994 1 2
1883.56 4688 858.379 3 2
1883.56 4699 779.805 4 3
1884.54 4713 654.749 2 3
1884.54 4708 739.869 3 4
1885.52 4651 1085.99 1 0
1886.5 4656 986.86 2 3
1886.5 4672 939.474 2 3
1886.5 4720 660.875 3 4
1887.48 4572 760.147 0 1
1888.46 4671 739.173 2 1
1889.44 4685 949.512 2 1
1890.42 4717 769.231 4 3
1890.42 4726 688.75 4 5
1891.4 4685 977.354 1 0
1891.4 4672 1049.41 3 4
1893.36 4688 955.873 2 1
1893.36 4712 762.108 2 1
1893.36 4732 721.927 5 4
1894.34 4601 769.887 0 1
1896.3 4707 903.807 2 3
1896.3 4699 1003.28 3 2
1897.28 4677 768.204 1 0
1898.26 4613 834.049 0 1
1898.26 4671 896.884 1 0
1898.26 4724 780.653 2 1
1898.26 4731 785.815 4 3
1898.26 4737 761.548 4 5
1899.24 4731 796.943 3 2
1900.22 4699 1055.26 2 1
1900.22 4717 975.421 3 2
1900.22 4736 749.033 3 2
1901.2 4712 906.669 1 0
1901.2 4745 651.384 1 2
1902.18 4707 985.727 3 4
1904.14 4728 707.727 1 2
1905.12 4648 724.808 0 1
1905.12 4688 1198.1 1 0
1905.12 4701 956.807 2 3
1906.1 4754 765.873 3 2
1908.06 4631 800.179 0 1
1909.04 4699 1212.29 1 0
1909.04 4563 1035.26 1 2
1909.04 4717 1110.03 2 1
1909.04 4736 889.543 2 1
1910.02 4619 924.962 0 1
1910.02 4729 970.72 2 3
1910.02 4764 791.735 3 4
1911 4717 1124.89 1 0
1911 4736 892.471 1 0
1911 4746 877.351 2 3
1911 4745 754.081 2 3
1911.98 4632 1234.98 1 2
1911.98 4638 1194 1 2
1911.98 4534 1187.91 1 2
1911.98 4724 960.878 1 0
1912.96 4654 793.358 0 1
1914.92 4778 784.781 4 3
1915.9 4731 1038.29 2 1
1915.9 4754 906.383 2 1
1915.9 4769 732.866 2 1
1916.88 4716 664.46 0 1
1916.88 4731 1050 1 0
1916.88 4648 769.477 1 2
1917.86 4778 822.961 3 2
1918.84 4681 798.247 0 1
1918.84 4763 873.618 2 3
1918.84 4799 686.999 3 4
1919.82 4754 935.656 1 0
1919.82 4792 680.528 1 2
1920.8 4642 965.294 0 1
1920.8 4696 1263.78 2 1
1923.74 4769 780.22 1 0
1926.68 4666 1279.42 1 2
1926.68 4758 812.179 1 2
1927.66 4778 1013.73 2 1
1927.66 4815 713.13 2 3
1928.64 4814 670.781 1 2
1929.62 4739 731.674 0 1
1929.62 4681 892.907 1 2
1929.62 4734 877.826 1 2
1929.62 4792 778.254 2 3
1929.62 4803 766.304 2 3
1931.58 4728 1250.97 2 3
1931.58 4681 919.659 2 3
1931.58 4841 561.092 5 4
1932.56 4654 955.511 1 2
1933.54 4675 1013.97 0 1
1933.54 4748 747.533 0 1
1933.54 4816 828.733 3 2
1935.5 4710 881.932 0 1
1935.5 4803 816.541 3 4
1935.5 4815 810.445 3 4
1936.48 4778 1238.09 1 0
1936.48 4675 1056.78 1 2
1936.48 4827 786.029 3 2
1936.48 4852 587.168 4 3
1937.46 4852 617.646 3 2
1938.44 4816 913.646 2 1
1938.44 4834 807.277 4 5
1939.42 4841 738.599 4 3
1941.38 4771 740.713 0 1
1941.38 4780 861.741 1 2
1943.34 4846 804.566 4 5
1945.3 4860 724.747 2 3
1946.28 4816 1009.28 1 0
1946.28 4827 989.075 2 1
1947.26 4827 1006.64 1 0
1947.26 4841 902.032 3 2
1949.22 4801 719.015 0 1
1949.22 4852 799.259 2 1
1949.22 4864 783.914 5 4
1950.2 4807 712.919 0 1
1950.2 4748 956.597 1 2
1950.2 4877 644.664 1 2
1950.2 4854 793.163 2 1
1951.18 4852 817.423 1 0
1951.18 4854 807.799 1 0
1954.12 4801 759.277 1 2
1955.1 4861 1010.78 3 4
1956.08 4841 1020.34 2 1
1956.08 4873 828.862 3 2
1956.08 4864 947.927 4 3
1957.06 4878 792.438 2 1
1958.04 4878 798.293 1 0
1959.02 4894 641.476 1 2
1959.02 4899 651.741 1 2
1960 4879 846.142 3 2
1960 4890 817.54 3 4
1960.98 4771 959.778 1 2
1961.96 4789 1015.88 0 1
1961.96 4866 1028.52 2 3
1961.96 4893 789.703 4 3
1962.94 4786 1063.2 1 2
1962.94 4883 815.086 2 1
1962.94 4901 752.741 3 2
1963.92 4841 1208.31 1 0
1963.92 4883 833.37 1 0
1963.92 4901 764.489 2 1
1963.92 4864 1135.11 3 2
1963.92 4884 899.775 3 4
1964.9 4901 779.165 1 0
1965.88 4853 718.234 1 0
1965.88 4801 893.532 2 3
1966.86 4914 785.586 4 5
1967.84 4771 1062.23 2 3
1967.84 4904 807.751 4 3
1968.82 4904 825.616 3 2
1969.8 4873 1000.94 2 1
1969.8 4904 846.408 2 1
1969.8 4893 929.205 3 2
1969.8 4913 768.14 3 4
1970.78 4830 692.011 0 1
1970.78 4904 870.128 1 0
1970.78 4879 952.239 2 1
1971.76 4824 739.089 0 1
1971.76 4873 1026.44 1 0
1971.76 4871 706.766 1 0
1971.76 4864 1331.41 2 1
1971.76 4895 897.651 2 3
1971.76 4899 849.881 2 3
1971.76 4917 737.678 2 1
1972.74 4864 1352.5 1 0
1972.74 4917 755.242 1 0
1972.74 4786 1325.31 2 3
1972.74 4907 787.925 2 1
1972.74 4899 879.154 3 4
1972.74 4914 861.818 5 4
1973.72 4819 1006.37 1 2
1974.7 4938 639.109 1 2
1974.7 4930 776.264 3 4
1975.68 4836 703.479 0 1
1975.68 4879 976.376 1 0
1975.68 4929 752.989 2 1
1975.68 4930 793.862 4 5
1976.66 4865 786.131 1 2
1976.66 4877 1024.18 2 3
1977.64 4929 756.833 1 0
1977.64 4893 991.499 2 1
1979.6 4921 652.129 1 2
1979.6 4933 639.937 1 2
1979.6 4939 799.456 2 3
1979.6 4925 912.686 4 5
1980.58 4857 691.777 0 1
1981.56 4818 907.65 0 1
1984.5 4882 781.361 1 2
1984.5 4888 760.17 1 2
1986.46 4893 1178.68 1 0
1986.46 4907 935.584 1 0
1986.46 4933 725.07 2 1
1987.44 4874 658.63 0 1
1987.44 4933 748.489 1 0
1987.44 4882 844.209 2 3
1987.44 4921 780.93 2 3
1987.44 4982 575.876 5 4
1988.42 4911 694.143 1 0
1988.42 4950 633.841 1 2
1988.42 4947 916.019 2 1
1989.4 4982 624.027 4 3
1990.38 4963 762.642 2 1
1991.36 4857 885.116 1 2
1991.36 4980 703.171 3 2
1992.34 4980 733.649 2 1
1993.32 4862 692.267 0 1
1997.24 4928 666.524 1 2
1999.2 4880 694.791 0 1
1999.2 4947 1150.53 1 0
1999.2 4998 735.28 3 2
